#Timestamp,x,y,z,qx,qy,qz,qw
0.000000000 0.420449864 0.898374451 0.839895092 0.503051196 -0.533403087 0.558159412 -0.388431089
0.050000000 0.131916503 0.540427807 0.331809120 0.460454245 -0.537053548 0.539575476 -0.456523472
0.100000000 0.390413292 0.852687162 0.901134587 0.509780766 -0.520987630 0.563301141 -0.389085189
0.150000000 -0.150670749 0.584987903 0.557485186 -0.450740406 0.543702859 -0.527616195 0.472060842
0.200000000 0.093272924 0.627981547 0.358337668 -0.429218986 0.548192880 -0.526102816 0.488335393
0.250000000 0.139150583 0.616751493 0.521685981 -0.443259167 0.547333227 -0.522936739 0.480088342
0.300000000 0.293883218 0.510477878 0.404387749 -0.434803214 0.549531826 -0.506561357 0.502351002
0.350000000 0.060804603 0.474092308 0.440461121 -0.441481752 0.547663900 -0.492449343 0.512495619
0.399999999 0.305562379 0.516390369 0.447755472 -0.449288842 0.546530091 -0.493856462 0.505519724
0.449999999 0.431265618 0.454161053 0.290218960 -0.445297937 0.539084983 -0.494183469 0.516604130
0.499999999 0.096025801 0.443135307 0.421651551 -0.445229835 0.548696497 -0.481826219 0.518214282
0.549999999 0.137468382 0.451330201 0.460354251 -0.448749292 0.549609551 -0.483733538 0.512401482
0.600000000 0.361838116 0.504656301 0.473632098 -0.454859868 0.547622947 -0.494654504 0.498526358
0.650000000 0.389598140 0.497104650 0.457650140 -0.452606452 0.546462866 -0.499917067 0.496597082
0.700000000 0.347131775 0.532642328 0.395721733 -0.441504242 0.547692275 -0.501608698 0.503483754
0.750000000 0.351768303 0.522648711 0.399474276 -0.441352046 0.546732442 -0.505007076 0.501258278
0.800000000 0.138482612 0.496653571 0.585603958 -0.459033527 0.542456113 -0.507282260 0.487539018
0.850000000 0.574319713 0.609147871 0.103965223 -0.420274281 0.544883662 -0.511676202 0.514449986
0.900000000 0.351311853 0.469364058 0.447264077 -0.443174330 0.541126499 -0.509004926 0.501689755
0.950000000 0.397981350 0.537207657 0.363328852 -0.444913030 0.533564070 -0.521727511 0.495138549
1.000000000 0.637837575 0.636050620 0.341720010 -0.442785268 0.534425019 -0.533482339 0.483453928
1.050000000 0.451973508 0.462600060 0.524112105 -0.458372719 0.532082350 -0.529391091 0.475949467
1.100000000 0.478588792 0.438282944 0.281783238 -0.434714147 0.535542514 -0.530171953 0.493087748
1.149999999 0.578894312 0.487987877 0.460485406 -0.438025608 0.542214647 -0.536345211 0.475889334
1.199999999 0.662095252 0.461752488 0.418769190 0.433056560 -0.540348348 0.540994640 -0.477294959
1.250000000 0.642634268 0.462344328 0.463620197 -0.427145641 0.549107344 -0.534801912 0.479598416
1.300000000 0.598486330 0.475715368 0.397664566 -0.424548701 0.548052850 -0.535988275 0.481781115
1.350000000 0.751557202 0.429519818 0.412912262 -0.436157892 0.541260470 -0.540692366 0.473766991
1.399999999 0.661917990 0.320050567 0.409068660 -0.439836570 0.537268519 -0.535872281 0.480340741
1.449999999 0.685221372 0.358224232 0.447581317 0.443024163 -0.534036304 0.541140333 -0.475081000
1.500000000 0.800025447 0.381537816 0.386252869 0.437220082 -0.530168418 0.548839685 -0.475956982
1.550000000 0.823769560 0.372459696 0.466697955 0.438147698 -0.529281973 0.548216153 -0.476808387
1.600000000 0.747114777 0.288690290 0.460073307 0.440291221 -0.524652162 0.543876595 -0.484852554
1.649999999 0.740717657 0.340669344 0.543960137 0.448709386 -0.521685514 0.543770890 -0.480434523
1.700000000 1.076468410 0.404446670 0.497844185 0.451623604 -0.523134384 0.539570514 -0.480864011
1.750000000 1.017922429 0.346485732 0.432320707 0.465681247 -0.514508731 0.530071625 -0.487284120
1.800000000 0.982472422 0.271052845 0.487686717 0.480986571 -0.509152412 0.513894549 -0.495306100
1.850000000 1.009921504 0.347649123 0.434127125 0.494095276 -0.494168485 0.513637392 -0.497839327
1.899999999 1.026554827 0.334001018 0.483922856 0.513223447 -0.473958950 0.512231826 -0.499582989
1.950000000 1.093136075 0.319814549 0.431917924 -0.519188815 0.458601458 -0.509058662 0.510868824
2.000000000 1.100226668 0.299761714 0.473817509 -0.532482335 0.445371556 -0.506804091 0.511132422
2.049999999 1.449044265 0.572719152 0.564772793 0.541085351 -0.446971376 0.517036052 -0.490017299
2.100000000 1.302151595 0.370719113 0.547608746 0.550779681 -0.437699790 0.509745505 -0.495197089
2.149999999 1.575352594 0.539101714 0.483522640 0.544890060 -0.443952609 0.515800194 -0.489848001
2.200000000 1.445805433 0.323516214 0.556075817 0.571143722 -0.444160730 0.500099264 -0.475832766
2.250000000 1.365093377 0.308185231 0.595613738 0.570577378 -0.460433183 0.485763666 -0.475895368
2.299999999 1.327667753 0.308483339 0.525547094 0.558316130 -0.464370471 0.485931040 -0.486327245
2.349999999 1.455116668 0.287103665 0.524822781 0.547377813 -0.468481481 0.482703194 -0.497895831
2.399999998 1.586866603 0.423411671 0.595866534 0.535869610 -0.473362238 0.491468543 -0.497222911
2.449999999 1.528656167 0.268439187 0.507023381 -0.521667443 0.467216889 -0.490305627 0.518817743
2.499999998 1.605632059 0.349101104 0.492906067 -0.511349289 0.474162296 -0.495956424 0.517415932
2.549999999 1.833232865 0.456951691 0.598164440 -0.516469026 0.481576682 -0.501244734 0.500097352
2.599999999 1.871309262 0.483310143 0.626824476 0.515168871 -0.485086218 0.500156720 -0.499134902
2.649999998 1.865295370 0.428789484 0.649903520 -0.514281101 0.488664081 -0.492328217 0.504316658
2.699999999 1.930130248 0.379873920 0.551720815 -0.514896465 0.477301397 -0.492976188 0.513847726
2.749999998 2.041394351 0.478832582 0.616606782 -0.516935532 0.475262691 -0.491514453 0.515088898
2.799999999 1.914466582 0.274862660 0.508923463 -0.513741328 0.462194892 -0.477642033 0.542497759
2.849999999 1.939956200 0.262905642 0.511906286 -0.516162655 0.447475125 -0.469847780 0.559093186
2.899999998 2.089692978 0.427828470 0.420934820 -0.530647288 0.427744865 -0.472991168 0.558325301
2.949999999 2.194910231 0.506100790 0.691012178 -0.553098855 0.437674658 -0.443485645 0.553030770
2.999999998 2.142738581 0.255175744 0.538712366 -0.562257488 0.414144354 -0.418068039 0.581007819
3.049999999 2.203049539 0.343803303 0.482472846 -0.564069588 0.409579139 -0.408270031 0.589394613
3.099999999 2.420632733 0.714440754 0.809702187 -0.595304798 0.416854864 -0.407259626 0.553158040
3.149999998 2.412040301 0.631409405 0.718319537 -0.598793378 0.399788183 -0.393100307 0.571916120
3.199999999 2.499104690 0.702327429 0.727196095 -0.607413288 0.391556141 -0.388963016 0.571349856
3.249999998 2.552855860 0.731230782 0.715590588 -0.610968754 0.385360698 -0.385064770 0.574403549
3.299999999 2.555494379 0.681857530 0.723885583 -0.619773934 0.374358432 -0.385417248 0.572004877
3.349999999 2.610031122 0.682402390 0.738055979 -0.634186974 0.363000066 -0.390365120 0.560047237
3.399999998 2.654372993 0.688944706 0.741540616 -0.641717156 0.356110398 -0.392607134 0.554296054
3.449999999 2.696976833 0.724642629 0.757952357 -0.637687194 0.356615334 -0.387680181 0.562036141
3.499999998 2.708850268 0.722070002 0.734418966 -0.624062656 0.355587161 -0.378366112 0.583902952
3.549999999 2.726388030 0.591166938 0.709515644 -0.621951650 0.334256175 -0.367288622 0.605432095
3.799999999 4.422109927 3.433117470 1.631175181 0.814797798 0.323679998 0.073965340 0.475252497
5.049999998 8.348727814 6.468821557 0.695461575 -0.542956630 -0.450295775 0.397908514 0.586600910
5.099999998 8.977976272 4.618053742 2.040302131 -0.697163552 -0.346276863 0.331458406 0.533095340
5.149999999 5.272283298 11.546664840 -1.326576523 0.385815985 -0.370104388 0.375601311 0.757028681
5.199999999 9.322395814 4.954958995 1.845795863 -0.613050439 -0.411374853 0.363461357 0.568186353
5.249999998 3.051191549 1.762209920 0.694315851 -0.695734942 -0.021743188 -0.068754291 0.714669834
5.299999998 3.183691728 1.733167716 0.321690888 -0.680857825 -0.043342517 -0.048900801 0.729494866
5.349999998 2.181783382 1.745454416 0.375615001 -0.690713706 -0.004991611 -0.109702550 0.714741219
5.399999999 3.103003405 1.892829795 0.673099620 -0.710977670 -0.072168296 -0.031206165 0.698805170
5.449999999 2.976545734 1.899263171 0.665180795 -0.706789501 -0.093919200 -0.035430152 0.700266013
5.499999998 3.372140865 2.229684026 0.618568506 -0.700082139 -0.136834498 0.012303592 0.700721015
5.549999998 3.465751887 2.299826613 0.344733160 -0.677497795 -0.162604260 0.019279398 0.717066871
5.599999998 3.333509163 2.269600106 0.318988571 -0.675175087 -0.166713425 0.013883095 0.718437537
5.649999999 2.991494441 2.198298733 0.633418535 -0.700156635 -0.153419484 -0.002186816 0.697307942
5.699999999 3.276907566 2.104247674 0.713861316 -0.700629819 -0.178247604 0.032485398 0.690137919
5.749999998 3.348714415 2.399373818 0.437209535 -0.679547860 -0.188709153 0.036002404 0.708030641
5.799999998 2.666443834 1.883902988 -0.458901928 -0.625111880 -0.156556823 -0.009118991 0.764618821
5.849999998 2.980644403 2.399149318 0.560642438 -0.688190017 -0.173848484 0.036735506 0.703435645
5.899999999 3.461556531 2.691656621 0.952819863 -0.703348616 -0.225000330 0.078719823 0.669685572
5.949999999 3.239323713 2.250141334 0.939125842 -0.684982983 -0.249148690 0.045825814 0.683098264
5.999999998 3.284451935 2.939612028 0.843437141 -0.683551364 -0.278248653 0.108984396 0.665926138
6.049999998 3.373380052 2.826942071 0.914327037 -0.685194815 -0.292062788 0.127597780 0.654924576
6.099999998 3.204144207 2.803626245 0.910286880 -0.677786880 -0.327003214 0.132698414 0.645030987
6.149999999 3.227121009 2.950103164 0.893112760 -0.676596575 -0.346588617 0.155614324 0.630775386
6.199999999 3.350707249 2.989802564 0.901841366 -0.666534253 -0.377723987 0.180656242 0.616781972
6.249999998 3.224529860 3.064732573 0.911957682 -0.657944611 -0.393360483 0.194573623 0.611978369
6.299999998 3.202775277 3.135837385 0.940529188 -0.645326587 -0.415926454 0.202398360 0.607942172
6.349999998 3.210042804 3.140471234 0.877111707 -0.642574682 -0.414582596 0.224251642 0.604094571
6.399999999 3.166930055 3.178661086 0.874624560 -0.635707347 -0.430653528 0.240915384 0.593610550
6.449999999 3.146093585 3.206344980 0.840262427 -0.624690305 -0.442671414 0.258023466 0.589260497
6.499999998 3.085574732 3.250269996 0.929276393 -0.622196573 -0.461419450 0.261641331 0.575766731
6.549999998 3.186000852 3.295720878 0.913213318 -0.609881252 -0.479436431 0.270940252 0.569892048
6.599999998 3.131908674 3.330262972 0.900837985 -0.604652799 -0.484974714 0.277051315 0.567835442
6.649999999 3.121301435 3.339252565 0.841614014 -0.601866979 -0.468775964 0.295352987 0.575127680
6.699999999 2.957219899 3.375898003 0.898176890 -0.595627884 -0.478769726 0.287634754 0.577298209
6.749999998 3.156711984 3.385450281 0.887295183 -0.583937115 -0.477349445 0.305097150 0.581438460
6.799999998 3.005194169 3.408787429 0.866999471 -0.595355575 -0.457801735 0.302540337 0.586888963
6.849999998 2.976483540 3.203597678 0.852411047 -0.591337370 -0.455944642 0.275805421 0.605281727
6.899999999 2.925198251 3.468087608 0.886516000 -0.597743275 -0.453097980 0.273698155 0.602075176
6.949999999 2.944939136 3.470032228 0.879795906 -0.605229142 -0.444308801 0.271381242 0.602195646
6.999999998 2.906903193 3.502069585 0.901420442 -0.608510013 -0.451021004 0.272225640 0.593454985
7.049999998 2.769681432 3.536022578 0.908375958 -0.614186068 -0.464423439 0.258209944 0.583450056
7.099999998 2.797612212 3.514435146 0.935945900 -0.617267940 -0.468856377 0.248405214 0.580903467
7.149999999 2.704094466 3.581069934 0.903123583 -0.607874813 -0.474745509 0.245250672 0.587330419
7.199999999 2.686076916 3.605130360 0.895638771 -0.602417652 -0.473856381 0.250891479 0.591275374
7.249999998 2.608662067 3.658015935 0.799363430 -0.600612840 -0.462401370 0.264225353 0.596350696
7.299999998 2.581297051 3.661592459 0.877654049 -0.585684197 -0.485558340 0.256541921 0.596148775
7.349999998 2.493784899 3.714984623 0.809076190 -0.580100014 -0.496416973 0.281055562 0.581430936
7.399999999 2.568128731 3.720445656 0.876425249 -0.554841190 -0.536930268 0.288251597 0.566363980
7.449999999 2.107224849 3.765592344 0.813415996 -0.527186329 -0.565892334 0.306877326 0.554677157
7.549999998 1.945556369 3.801711507 0.794537442 -0.468262881 -0.619426234 0.365608082 0.513197569
7.599999998 1.976470531 3.156402097 1.059105203 0.478567145 0.621656739 -0.369683121 -0.497846138
7.649999999 2.170178586 3.805056514 0.869545263 0.427866028 0.644269218 -0.439245804 -0.457067785
7.699999999 2.048920892 3.630604177 1.161568788 0.428736188 0.673315424 -0.428611217 -0.423230488
7.749999998 2.555002549 3.663718582 0.818094961 0.413248189 0.655640484 -0.449063820 -0.444638252
7.799999998 1.945369055 3.859921214 0.811356215 0.396031199 0.676399903 -0.475155392 -0.399837234
7.849999998 1.952095452 3.849107105 0.820135227 0.388287532 0.683814690 -0.478791305 -0.390370527
7.899999999 1.836265936 3.855767557 0.785945537 0.369923805 0.693419388 -0.488256907 -0.379382555
7.949999999 1.805831128 3.730246350 0.836085987 0.365740157 0.701161304 -0.480363299 -0.379286255
7.999999998 1.826445674 3.549767715 0.746806238 0.375319156 0.690359302 -0.479684872 -0.390438200
8.049999999 1.733929603 3.801787951 0.777500438 0.362358958 0.702904038 -0.487395590 -0.370226199
8.099999998 1.656982094 3.802830234 0.768181655 0.362120216 0.701430194 -0.486447388 -0.374477731
8.149999999 1.620668216 3.800610183 0.783918743 0.359379531 0.697556560 -0.485744156 -0.385115324
8.199999998 1.578395304 3.810726798 0.785919185 0.357102603 0.693475003 -0.485937387 -0.394252466
8.249999998 1.520223525 3.791455825 0.810963573 0.353791846 0.701495526 -0.473102543 -0.398634344
8.299999999 1.833500700 3.750937097 1.079964145 0.374916380 0.703952621 -0.443979583 -0.408375496
8.349999998 1.767015677 3.804166953 0.742018234 0.360094664 0.681451614 -0.446295235 -0.454726396
8.399999999 1.287317902 3.199355777 0.882345404 0.426192910 0.660812470 -0.382476566 -0.485178482
8.449999998 1.443770327 3.954009867 0.750240568 0.429843625 0.639028613 -0.412104817 -0.486874223
8.499999998 -0.337658813 5.313618665 1.955363384 0.441481348 0.763054244 -0.354166431 -0.312103476
8.549999999 0.878856457 4.886572854 1.769547820 0.459171958 0.701234162 -0.367663752 -0.402809047
8.599999998 1.191093050 4.956276554 1.338579022 0.456099805 0.674551463 -0.386644809 -0.432965452
8.649999999 1.051677244 5.010725439 1.518745969 0.477296970 0.669107926 -0.373246036 -0.430313354
8.699999998 1.019719027 4.656913316 1.429474330 0.492220827 0.652759161 -0.335898276 -0.467756864
8.749999998 0.996958985 4.836178197 1.420993590 0.497262517 0.652534217 -0.343194684 -0.457325370
8.799999999 1.030682945 4.821784216 1.305186517 0.503033775 0.646491288 -0.345492942 -0.457865333
8.849999998 0.983781259 4.771166612 1.325567090 0.514736908 0.647305354 -0.341938936 -0.446228033
8.899999999 1.020411695 4.751380053 1.168319945 0.508980120 0.645311038 -0.353665431 -0.446579965
8.949999998 1.023339638 4.575459681 0.924241158 0.502563797 0.639945886 -0.358137722 -0.457860530
8.999999998 0.906893886 4.090379254 0.393695960 -0.506942813 -0.602560346 0.356936634 0.502519903
9.049999999 0.832231039 4.640358659 1.202041252 0.504591069 0.662504269 -0.365968751 -0.415382740
9.099999998 0.885247674 3.953268976 0.689554600 0.516351025 0.608761656 -0.376970622 -0.469770173
9.149999999 -0.012297051 3.186482370 1.093077284 0.603930219 0.551119235 -0.342934601 -0.462527554
9.199999998 0.136845621 3.092311354 0.862500901 0.567571341 0.562065274 -0.362006254 -0.480517297
9.249999998 17.339039494 -7.114803960 1.371224423 -0.231108501 -0.802073005 0.073145024 0.545818248
9.299999999 0.730526600 3.312992816 -0.455208733 -0.464260946 -0.503673043 0.511275965 0.519010720
9.500000000 0.484863921 3.632444309 0.718512161 0.403520508 0.662560346 -0.505150844 -0.378163472
9.550000000 0.479739171 3.629867384 0.680217903 0.389091951 0.666374904 -0.516849381 -0.370700226
9.599999999 0.529791212 3.629016444 1.150255212 0.434955081 0.682228642 -0.493742252 -0.318742445
9.650000000 -0.025902509 3.473821018 0.546298816 0.373435446 0.682219024 -0.543535509 -0.315740910
9.699999999 0.006609230 3.586536123 1.003184730 0.409782249 0.700616235 -0.522650140 -0.260868225
9.750000000 0.197931967 3.593011022 0.837904728 0.364345978 0.700106987 -0.541382179 -0.289840561
9.800000000 -0.083707016 3.523946026 0.506577941 0.316448313 0.697858361 -0.574921637 -0.286913374
9.849999999 0.075132944 3.564171971 0.622724395 0.296339330 0.708037877 -0.572108846 -0.289061992
9.900000000 -0.081673065 3.524577406 0.613970595 0.293672287 0.710820021 -0.590400843 -0.244782208
9.949999999 -0.060707284 3.505950565 0.621357222 0.271251189 0.720981667 -0.598287141 -0.220591762
10.000000000 -0.152204299 3.468364690 0.611532387 0.258327460 0.733704788 -0.598723348 -0.190983137
10.050000000 -0.121462071 3.446477298 0.612738572 0.239624325 0.742501003 -0.598930023 -0.180430790
10.099999999 -0.153747832 3.407398880 0.617445380 0.230412692 0.748929605 -0.599749191 -0.162220054
10.150000000 -0.125679935 3.338761335 0.584881905 0.217023907 0.751362526 -0.602716110 -0.158392768
10.199999999 -0.178123578 3.328695312 0.568475615 0.205799805 0.752166471 -0.610576265 -0.138161735
10.250000000 -0.199958744 3.288460632 0.570858268 0.185209017 0.770791651 -0.595338982 -0.130955517
10.300000000 -0.288667701 3.298968373 0.554474942 0.178102636 0.767703304 -0.605411084 -0.111303673
10.349999999 -0.312612019 3.256119846 0.562094378 0.167066578 0.770818387 -0.605567301 -0.105905694
10.400000000 -0.263313595 3.168137569 0.518592245 0.158163350 0.773170681 -0.604211540 -0.110090274
10.449999999 -0.348161667 3.134072689 0.469809833 0.142139399 0.776314398 -0.606356039 -0.097286696
10.500000000 -0.379890905 3.141988331 0.559545774 0.145460391 0.772885907 -0.611936971 -0.083796140
10.550000000 -0.429586787 3.110470930 0.535400718 0.138029783 0.777362218 -0.610796068 -0.059865888
10.599999999 -0.434657366 3.079165628 0.554862672 0.129225880 0.777434332 -0.612974105 -0.056207450
10.650000000 -0.392500537 2.973300562 0.560418167 0.110400530 0.780242245 -0.612095439 -0.066128179
10.699999999 -0.435354278 2.948617294 0.494432906 0.109194936 0.770961858 -0.625404332 -0.050633002
10.750000000 -0.479662223 2.926921661 0.492219609 0.099637422 0.768045253 -0.631173259 -0.042416858
10.800000000 -0.487408908 2.870942060 0.470623262 0.102565400 0.766237184 -0.633145756 -0.038566422
10.849999999 -0.528777546 2.869250124 0.478989753 0.094521733 0.762872041 -0.638754127 -0.032940189
10.900000000 -0.518703889 2.764383855 0.479320012 0.084262263 0.768348686 -0.633680287 -0.031455712
10.949999999 -0.564349850 2.758569123 0.489411852 0.076147963 0.767400417 -0.636443720 -0.015410369
11.000000000 -0.502338367 2.583333552 0.564808291 0.064292893 0.772974747 -0.630729669 -0.023591318
11.050000000 -0.618566967 2.670503321 0.498983500 0.049586405 0.760590783 -0.647322801 0.004005001
11.099999999 -0.661136780 2.680171967 0.377798207 0.043357748 0.743508130 -0.666518491 0.032693548
11.150000000 -0.618403098 2.548731433 0.569505452 0.022304438 0.766413221 -0.640763346 0.039187008
11.199999999 -0.597198467 2.526229004 0.536543690 0.000426806 0.765047444 -0.642367645 0.045453670
11.250000000 -0.563729847 2.457501127 0.587069332 -0.006532710 0.773790948 -0.630848583 0.056876690
11.300000000 -0.586689091 2.467582429 0.492666839 -0.031799117 0.763522003 -0.642706753 0.054323083
11.349999999 -0.600911248 2.399820262 0.516121858 -0.033086231 0.769008276 -0.634688069 0.068575714
11.400000000 -0.700676634 2.439886404 0.416119468 -0.034898919 0.755170351 -0.646954410 0.099748671
11.449999999 -0.591668227 2.311700584 0.498445670 -0.044941823 0.769591967 -0.631236424 0.085141143
11.500000000 -0.638971878 2.319187899 0.583256630 -0.047928288 0.775871518 -0.619941595 0.106764625
11.550000000 -0.659295833 2.277902315 0.582916040 -0.064268912 0.774536667 -0.616497821 0.126067026
11.599999999 -0.643478326 2.214992395 0.527886909 -0.083980950 0.768036119 -0.620680900 0.133502585
11.650000000 -0.616909912 2.192367241 0.587565694 -0.095125853 0.773619011 -0.611298154 0.137037458
11.699999999 -0.612552977 2.129175048 0.549350859 -0.104161278 0.766007089 -0.615509590 0.153399844
11.750000000 -0.586524467 2.136881320 0.531054807 -0.112721114 0.755804754 -0.625818032 0.156220728
11.800000000 -0.593103122 2.098474564 0.521724838 -0.120639386 0.752391972 -0.626506882 0.163834019
11.849999999 -0.517825218 2.130903989 0.471547206 -0.153674095 0.735388656 -0.646097567 0.134706092
11.900000000 -0.494216345 2.236804998 0.575442649 -0.145696979 0.748120451 -0.631217142 0.143711867
11.949999999 -0.588571347 2.120088686 0.605588234 -0.163315294 0.744238867 -0.627950534 0.158476337
12.000000000 -0.661869841 1.894355268 0.630009735 -0.158390785 0.749474608 -0.608465974 0.207290450
12.050000000 -0.616504833 1.784171307 0.625482876 -0.149019785 0.755408310 -0.597126455 0.224925288
12.099999999 -0.570935173 2.010630998 0.477045306 -0.169987983 0.735563628 -0.620193318 0.213097355
12.150000000 -0.686010149 1.849076705 0.545981805 -0.194061520 0.733076701 -0.605323211 0.241914214
12.199999999 -0.643609121 2.808024257 0.825681158 -0.172692516 0.746727422 -0.604401124 0.217427536
12.250000000 -1.517207138 1.752764153 0.501454366 -0.234713831 0.713559422 -0.596797200 0.282091246
12.300000000 -0.461414930 1.761637025 0.528512642 -0.258708697 0.698715112 -0.604287686 0.282317897
12.349999999 -0.432171097 1.727847457 0.547944571 -0.275771392 0.690173156 -0.591555370 0.312527437
12.400000000 -0.394936760 1.696686889 0.544233352 -0.297526165 0.681094256 -0.578623476 0.335832799
12.449999999 -0.331563819 1.657612880 0.528088382 -0.317225333 0.673494017 -0.567162037 0.352279890
12.500000000 -0.301403506 1.638337398 0.561975937 -0.333548651 0.668219938 -0.552792234 0.369659515
12.550000000 -0.257674541 1.604453350 0.518627165 -0.344073333 0.660056445 -0.541838165 0.390320936
12.599999999 -0.200530670 1.564346871 0.503189107 -0.353906709 0.653235122 -0.529630503 0.409298726
12.650000000 -0.812561434 1.335280202 0.267793722 -0.363227522 0.639229870 -0.510186468 0.446274253
12.699999999 -0.108188597 1.573133090 0.462093118 -0.386161167 0.630632570 -0.526045542 0.420069283
12.750000000 -0.365289322 1.345020287 0.554698615 -0.420838040 0.612479151 -0.520914140 0.420015586
12.800000000 -0.090592313 1.264677002 0.413685256 -0.416539432 0.607571764 -0.509077514 0.445187082
12.849999999 0.450312552 1.191107329 0.034780027 -0.444440005 0.578241848 -0.532951570 0.429036211
12.900000000 -0.220951565 1.296819243 0.580371804 -0.461182076 0.586207329 -0.503563244 0.436000138
12.949999999 0.357597817 1.623487147 0.693442290 -0.456812643 0.589100098 -0.507286935 0.432369343
13.000000000 0.100803251 1.442581776 0.405962586 -0.430889158 0.582276413 -0.485092371 0.489871518
13.050000000 -0.109821026 1.293475735 0.546729284 -0.475385153 0.558180956 -0.485920261 0.475735721
13.099999999 0.320470901 1.548155320 0.545991114 -0.477616945 0.555428045 -0.482790900 0.479890287
13.150000000 0.490522515 1.615284373 0.686928278 -0.499383017 0.545099252 -0.476629969 0.475717647
13.199999999 -0.014995599 1.278562009 0.522039172 -0.511530938 0.520613684 -0.461044669 0.504713092
13.250000000 0.570482263 1.616847252 0.672663495 -0.514867580 0.527159715 -0.466455474 0.489319223
13.300000000 0.065068839 1.279066105 0.533211051 -0.526625273 0.505166430 -0.454552054 0.510739787
13.349999999 0.577567865 1.632918135 0.531375122 -0.516426923 0.512064908 -0.458674171 0.510598441
13.400000000 0.215393687 1.301242944 0.629399997 -0.534389689 0.490993922 -0.431694799 0.535716557
13.449999999 0.416229289 1.456081551 0.405118641 -0.544476768 0.455925760 -0.436912163 0.552072922
13.500000000 0.657844789 1.602057084 0.549791906 -0.563428615 0.440810607 -0.431297140 0.549742651
13.550000000 8.796682322 3.042501253 1.206950034 0.455937322 0.618421285 -0.486830638 -0.415538449
13.599999999 0.789784457 1.629024999 0.607092011 -0.593598345 0.403964028 -0.413002371 0.560252720
13.650000000 0.820688612 1.604180414 0.598695881 -0.607905983 0.390152030 -0.391490431 0.570058726
13.699999999 2.228355924 3.764649405 2.137845067 -0.501272681 0.705024158 -0.367065903 0.341949204
13.750000000 2.474550999 4.595990197 2.006276055 -0.407308041 0.743100044 -0.430823210 0.310312496
13.800000000 2.335048377 3.441411452 1.654838978 -0.499836696 0.673495902 -0.355571601 0.412474706
13.849999999 2.151921027 4.412789826 0.679047492 -0.388965667 0.624823482 -0.526669648 0.425347397
13.949999999 5.876606850 6.199463824 0.798415151 -0.016274875 0.746654362 -0.664898107 0.012365218
14.150000000 1.071946360 1.792180556 0.598585037 -0.617639065 0.412792209 -0.416333021 0.524205487
14.199999999 1.084859304 1.822165231 0.644203535 0.613632655 -0.432211378 0.433938534 -0.498342893
14.250000000 0.921452478 1.693623806 0.660898083 0.603449227 -0.444011159 0.443624022 -0.491834167
14.300000000 1.130440908 1.866636257 0.653979449 0.592550306 -0.462486444 0.470077411 -0.462620419
14.349999999 0.960748428 1.814406250 0.613337432 0.579386489 -0.471577810 0.479524263 -0.460415190
14.400000000 1.004075995 1.884533531 0.920570253 0.576786867 -0.497124269 0.476360938 -0.439618731
14.449999999 1.151574681 1.843285155 0.602546219 0.571959928 -0.484291640 0.503773486 -0.429576213
14.500000000 1.033658529 1.762793231 0.583797358 0.570711382 -0.485878648 0.513526062 -0.417733697
14.550000000 0.357268151 1.089837655 -0.044078966 -0.503553318 0.501196016 -0.486233718 0.508737045
14.599999999 1.091640576 1.411850209 0.630459565 0.572697404 -0.500617974 0.538116625 -0.363083771
14.650000000 0.856377652 1.396235817 0.582463988 0.559772314 -0.514912185 0.558259336 -0.331461782
14.699999999 1.110797481 1.803405566 0.738337079 0.549469322 -0.536536989 0.585223990 -0.260239130
14.750000000 1.119376905 1.435432763 0.550617786 0.540417040 -0.535607655 0.603382091 -0.238754925
14.800000000 0.939471244 1.672080145 0.856608628 0.535791670 -0.551333007 0.611588712 -0.186864787
14.849999999 14.219967513 -3.871318956 1.067200205 -0.583750432 0.415653322 0.638307862 -0.281124211
14.900000000 17.169698055 -6.294252055 2.630720838 -0.556505818 0.501581794 0.604388906 -0.270981603
14.949999999 1.532399077 1.398346853 0.478347602 0.512542086 -0.548252227 0.650686331 -0.115444384
15.000000000 1.337587149 1.850930942 0.566199162 0.479006010 -0.591898331 0.635209200 -0.129301511
15.050000000 0.979413138 1.383885091 0.541444309 0.504136645 -0.573344671 0.631356114 -0.136057300
15.099999999 16.825462090 -5.070668051 2.768899275 0.585716698 -0.456171047 -0.580407221 0.334621254
15.150000000 16.819277210 -4.667787086 3.231047409 -0.498688947 0.532775243 0.547330995 -0.409742183
15.199999999 11.067696750 -8.631470835 3.439118773 -0.357743565 0.663173353 0.645103635 -0.126735730
15.250000000 5.895323587 -6.581504139 -0.147386915 -0.765489345 -0.050129979 -0.339533859 0.544269975
15.300000000 1.860643133 -5.152991704 -1.224501720 0.091080603 0.532902659 0.706973307 0.455969103
15.349999999 0.939999854 -6.020987961 -0.829391649 0.044871520 0.590316157 0.594790355 0.543817814
15.400000000 15.108009101 -4.936582648 0.723844192 -0.457496285 0.444997437 0.616022567 -0.461725706
15.449999999 -0.460967793 -5.199331277 -0.575378394 -0.693656216 -0.048066640 -0.427867858 0.577459737
15.500000000 0.904251867 -6.040508044 0.170238183 0.057433387 0.666467368 0.650710889 0.359302091
15.550000000 -0.583626851 -4.822595860 -1.054520493 0.536966895 0.409220235 0.729083324 -0.112440472
15.599999999 3.817884870 -4.247902363 -2.408427766 -0.349346533 -0.156576351 -0.096287879 0.918786967
16.250000000 0.751457218 -7.478749769 -4.577609339 -0.118953994 0.429369871 0.873387148 0.196688460
16.300000000 -0.615634099 -4.813457832 -0.744611819 0.497286186 0.405129174 0.743133790 -0.190601607
16.350000000 -0.610701592 -4.809530123 -0.785261523 0.531157393 0.436440597 0.704950404 -0.174460189
16.449999999 15.072146735 -8.618985855 -3.977542972 -0.572470458 0.307672811 0.757838558 -0.057408506
16.500000000 15.908001553 -0.405438689 2.787894363 -0.333423687 -0.716879318 0.232660424 0.566376037
16.550000000 2.223721951 1.716388656 0.696310624 0.436825827 -0.556769502 0.695119226 -0.126491819
16.600000000 1.651488139 1.405140064 0.458742515 0.464491039 -0.514726257 0.690461993 -0.206318177
16.649999999 1.257304018 1.761209973 0.579208199 0.456352469 -0.513701804 0.680015266 -0.255797025
16.699999999 1.294334857 1.801879608 0.755228846 0.480066326 -0.492197909 0.674153579 -0.269804545
16.750000000 1.097341154 1.361012942 0.536270595 0.508619217 -0.441683141 0.664965173 -0.322558234
16.800000000 0.913965148 1.123525725 0.572083489 0.546831871 -0.403296793 0.631631448 -0.373320660
16.850000000 0.854101018 1.494499522 0.623141622 0.587461524 -0.367836996 0.617629295 -0.371643588
16.899999999 0.991040184 1.442640766 0.565818047 0.616156328 -0.326554030 0.591819580 -0.404306108
16.949999999 1.667923839 -10.925546114 2.236071148 -0.733170943 -0.067551419 -0.216330231 0.641169561
17.000000000 13.379486142 4.354758403 -3.761691366 0.463089877 -0.323712939 -0.577584185 0.589197937
17.100000000 9.995004320 -0.991324728 -0.579219733 -0.344124703 -0.548733861 0.147099421 0.747550065
17.199999999 10.515106259 -1.872509878 -0.242123954 -0.554577174 0.396500597 0.673621274 -0.285422168
17.350000000 7.562275571 -23.325551390 -17.572614061 -0.365183235 -0.082620358 -0.396235926 0.838338936
17.449999999 -4.044802775 -28.853583129 3.519822819 -0.728046920 -0.012150981 -0.323605265 0.604218229
17.500000000 0.595014214 11.561939713 0.028586298 0.225697501 -0.637007511 0.736451316 -0.030356673
17.550000000 -1.862195129 4.189425037 -1.219416818 -0.533283124 0.242861506 -0.598842844 0.545907177
17.600000000 -2.361194642 3.904024810 -1.259934561 -0.559389691 0.207516103 -0.617304782 0.512791425
17.649999999 9.153675732 -3.059912172 0.588899985 -0.576081127 -0.478774355 0.170593199 0.640159053
17.750000000 -0.830106963 12.695617215 -0.116311242 0.291743188 -0.607870149 0.737125077 -0.045015710
17.850000000 -0.451395367 12.389890194 0.147724336 0.272758772 -0.633397449 0.723704552 -0.025730247
17.899999999 -10.786497163 19.616161055 -17.435556989 0.066311131 0.508010186 -0.595733114 0.618571372
18.000000000 12.744394590 -6.650987585 -1.145558284 -0.212965630 -0.543291245 -0.333144532 0.740604472
18.050000000 -3.315387711 0.914119094 -1.644580513 0.479358993 -0.461376055 0.719350099 -0.199706100
18.800000000 1.292498795 1.704352231 0.442534610 0.645184300 -0.193157367 0.684812165 -0.278315916
18.850000000 -1.382290633 7.507205248 -0.560131977 0.324381206 0.679789607 -0.226384660 0.617586358
18.899999999 0.770598740 1.415102787 0.655614081 0.602041282 -0.286553760 0.691796528 -0.277219769
18.949999999 1.023816390 1.300850479 0.438309701 0.549403567 -0.339861882 0.713613676 -0.270933837
19.000000000 0.979751977 1.216784062 0.505042378 0.522960583 -0.385123940 0.718009221 -0.250308885
19.050000000 20.006684340 -0.688891490 1.624947496 0.661960234 -0.421917353 -0.396281505 0.476188370
19.100000000 19.004162250 -4.728787826 2.151455915 0.562480204 -0.550463249 -0.443359846 0.428996827
19.149999999 14.933585030 1.047014045 0.309307484 0.581270928 0.459164437 -0.571751459 -0.352693066
19.199999999 -4.710374856 10.931326149 1.813115640 0.137465391 0.842577380 -0.372012244 0.364381004
19.250000000 0.937602814 -5.683108799 0.189180468 0.155675087 0.738002291 0.584580952 0.298969894
19.300000000 0.964986470 -2.742386680 1.685389436 -0.243587114 0.832100409 -0.048424731 0.495912565
19.350000000 0.506708296 -4.941717261 0.822074680 -0.414134742 0.638542813 0.142958454 0.632707177
19.399999999 2.785149993 -5.690246274 -2.002188613 -0.161573431 0.586035872 0.788045038 0.097164817
19.449999999 2.678521671 -5.718231888 -1.979431944 -0.190368549 0.580148682 0.789814293 0.058143838
19.750000000 1.226843631 1.819951382 0.562369965 0.151388067 0.746628673 -0.619707013 -0.188654436
19.850000000 1.309345569 1.857534863 0.484115163 0.177397523 0.743829207 -0.592431410 -0.253521705
19.899999999 1.321557045 1.874596721 0.508302922 0.190806170 0.745381926 -0.572619423 -0.283029656
19.949999999 1.331249357 1.862591459 0.539921432 0.207897529 0.749411499 -0.547966991 -0.308047398
20.000000000 1.334545416 1.817005906 0.633691989 0.212735904 0.759780022 -0.512770910 -0.338443123
20.050000000 0.698210636 -3.859316895 -2.957756072 -0.074273544 0.628882383 0.764877099 -0.118124566
20.100000000 1.341766770 1.807427483 0.628765326 0.263587571 0.748962649 -0.475008173 -0.379399233
20.149999999 1.384622956 1.791556825 0.634832888 0.276292184 0.745311150 -0.449523535 -0.407556757
20.199999999 1.392757554 1.804522159 0.611326261 0.304009451 0.733253096 -0.438699339 -0.421261250
20.250000000 1.369366612 1.797150078 0.564554964 0.308821264 0.725219924 -0.426134480 -0.443953707
20.300000000 1.300149419 1.613946109 0.458177510 0.323932164 0.706839227 -0.402142726 -0.483453709
20.350000000 1.371926480 1.817444877 0.637194332 0.316993064 0.717127534 -0.396434728 -0.477580364
20.399999999 1.359149953 1.795780043 0.630975620 0.318624024 0.710497458 -0.381197026 -0.498358226
20.449999999 1.361665267 1.819925287 0.636896822 -0.320473399 -0.704137227 0.372341467 0.512688403
20.500000000 1.354018963 1.810220877 0.609561074 -0.325115954 -0.695138168 0.362259952 0.529008762
20.550000000 1.326770720 1.800746677 0.576980466 -0.338353260 -0.679459826 0.360734414 0.541961345
20.600000000 1.255506075 1.884327592 0.657060347 -0.345803575 -0.679336934 0.361376616 0.536961972
20.649999999 1.249501927 1.890148504 0.652249376 -0.359637511 -0.669183887 0.359704408 0.541725507
20.699999999 1.474285345 1.710538435 0.499290417 -0.370783798 -0.641090588 0.341324984 0.578808680
20.750000000 0.644148475 3.415105137 0.276494536 0.260303429 0.678801130 -0.497856082 -0.472874690
20.800000000 -0.113155621 2.510521760 1.670102228 0.429699546 0.766029226 -0.302452803 -0.370242931
20.899999999 1.324332370 1.846353838 0.280402670 -0.453189855 -0.559888987 0.314312748 0.618345190
20.949999999 0.823289339 1.732609505 1.182582115 -0.470779790 -0.640139790 0.201429216 0.572724811
21.000000000 0.547063400 1.501571498 0.406390913 -0.506420865 -0.531971815 0.214505979 0.643840882
21.050000000 0.103097667 1.389043308 0.778396547 -0.517295697 -0.565431987 0.120862969 0.630938961
21.100000000 -7.778364525 13.611657131 -1.065046626 -0.003658118 -0.604692372 0.719825423 -0.340859375
21.149999999 0.182119720 1.645538821 1.841243867 -0.618421116 -0.499593295 0.144428336 0.589153901
21.199999999 1.462420354 2.152208967 -0.168195631 -0.466910545 -0.496714453 0.203988025 0.702608127
21.250000000 1.804728921 2.943543799 0.577036922 -0.478441338 -0.533193517 0.251826657 0.650678027
21.300000000 2.252406160 4.887672647 -0.544263056 -0.303863870 -0.581844518 0.334597770 0.676142025
21.350000000 -2.037026366 0.766650053 -0.221882650 -0.590759148 -0.345240008 -0.058510769 0.726904020
21.399999999 1.821688900 2.962352918 0.538773485 -0.479712333 -0.529680206 0.246385061 0.654682640
21.449999999 -1.949859370 0.456275240 -0.218659101 -0.584406187 -0.362025560 -0.077146620 0.722118620
21.500000000 1.582517139 2.346585411 -0.104483011 -0.468644156 -0.507760675 0.216194816 0.689790950
21.550000000 -1.861707347 0.220431575 -0.203880897 -0.591941186 -0.379717510 -0.051639859 0.709051176
21.600000000 1.094289232 2.487010558 0.667672803 -0.514330460 -0.550585290 0.230817427 0.615664951
21.649999999 0.995755979 2.012049022 0.113383094 -0.515737793 -0.518220888 0.230137917 0.642260212
21.699999999 0.915200829 1.947108219 0.471540915 -0.547932081 -0.523508907 0.241918031 0.605957527
21.750000000 1.048410176 1.904940692 0.523122551 -0.568510675 -0.511394066 0.268035126 0.586028065
21.800000000 1.182851337 1.871506074 0.532432309 -0.600056244 -0.469743068 0.319039918 0.563460278
21.850000000 1.141369643 1.921269464 0.873801295 -0.616894869 -0.489767667 0.312264306 0.531092607
21.899999999 0.853034586 1.669948091 0.471278858 -0.635185010 -0.430165885 0.329473127 0.550404191
21.949999999 0.944669570 1.688887913 0.431947728 -0.643687842 -0.413214424 0.346751691 0.542847185
22.000000000 0.718165151 1.589336222 0.460833570 -0.658975688 -0.401397143 0.333003420 0.541977951
22.050000000 0.317125079 1.433517488 0.354860341 -0.676752735 -0.371721455 0.312301923 0.553440516
22.100000000 0.976855206 1.731827430 0.597313983 -0.672833951 -0.395756740 0.339438024 0.524836074
22.149999999 0.569352341 1.601100264 0.806192028 -0.701734274 -0.368999115 0.310029885 0.524680981
22.199999999 0.405665961 1.483103569 0.722664918 -0.706748261 -0.350251460 0.285073441 0.544576848
22.250000000 0.532139865 1.542330209 0.660386982 -0.703482130 -0.345430294 0.273068535 0.557874878
22.300000000 1.071838652 1.486538263 0.474041818 -0.687939164 -0.344111425 0.276980800 0.575854730
22.350000000 0.996017892 1.569062648 0.679265931 -0.696861942 -0.347593286 0.237066895 0.580828399
22.399999999 0.733436954 1.519518416 0.632790315 -0.703944380 -0.323678376 0.193128341 0.601993408
22.449999999 1.241490212 1.874666344 0.597489027 -0.696328557 -0.329012613 0.191488337 0.608448402
22.500000000 1.313051587 1.913091614 0.545390924 -0.703772299 -0.305045262 0.152863543 0.623124928
22.550000000 1.248313975 1.866680006 0.570925300 -0.716776179 -0.271937395 0.103057798 0.633767349
22.600000000 1.186332452 1.890452350 0.708098998 -0.733893371 -0.228581463 0.068023767 0.636021857
22.649999999 1.270230035 2.193523435 0.571805737 -0.732985608 -0.210272082 0.051397674 0.644884508
22.699999999 1.187283408 1.804080945 0.685391927 -0.729334687 -0.204824504 -0.008102381 0.652726733
22.750000000 1.197908619 1.737251245 0.644636466 -0.721863299 -0.203154979 -0.039656742 0.660355036
22.800000000 1.204674908 1.957677791 0.699205395 -0.734123317 -0.169403229 -0.035585884 0.656581409
22.850000000 1.183220329 1.970273341 0.711348528 -0.739510784 -0.141252293 -0.043063694 0.656747370
22.899999999 1.195327860 1.994457060 0.693659101 -0.732778913 -0.139758119 -0.055057134 0.663680228
22.949999999 1.187488411 1.898112320 0.689523889 -0.727812447 -0.138952742 -0.052037959 0.669532096
23.000000000 1.194947759 2.042698512 0.698910439 -0.725162451 -0.144151146 -0.036280398 0.672341877
23.050000000 1.188299441 2.075954451 0.709991289 -0.724689160 -0.150122116 -0.006114512 0.672496531
23.100000000 1.141898637 1.938591956 0.697878598 -0.718334675 -0.167544395 0.013412641 0.675088344
23.149999999 1.218384285 2.049486416 0.679576748 -0.714960138 -0.188722839 0.063688288 0.670193624
23.199999999 1.200399507 2.139909052 0.688353297 -0.709672614 -0.220381892 0.083807031 0.663907361
23.250000000 1.134387946 1.964558380 0.681096403 -0.705485815 -0.223471690 0.091805472 0.666274661
23.300000000 1.104266387 1.843489940 0.767066357 -0.702628857 -0.234474828 0.096699731 0.664818326
23.350000000 1.362098257 2.336309242 0.613921804 -0.686897160 -0.261911750 0.139457516 0.663420023
23.399999999 1.348748444 2.297521023 0.673825888 -0.689411194 -0.262075995 0.142268680 0.660142410
23.449999999 1.341510241 2.345770124 0.763660144 -0.691985790 -0.270621251 0.150632244 0.652096413
23.500000000 1.129814641 2.184759224 0.625479604 -0.685029459 -0.266928696 0.144121581 0.662353895
23.550000000 1.286714894 2.285031817 0.683819224 -0.682840957 -0.285280444 0.163547563 0.652376801
23.600000000 1.282169552 2.357047028 0.666825667 -0.679712742 -0.298929500 0.178006377 0.645713150
23.649999999 0.781831259 1.976663713 0.574545196 -0.681360556 -0.283508792 0.148279650 0.658318846
23.699999999 1.237335540 2.179928568 -0.489811279 -0.604709052 -0.294211000 0.200196240 0.712522502
23.750000000 0.735108046 2.017358616 0.563824936 -0.674447602 -0.304246053 0.165393839 0.652073347
23.800000000 1.618196643 2.786926264 0.209411818 -0.626335086 -0.354124694 0.249715389 0.648029541
23.850000000 1.394210597 2.566376219 -0.693219347 -0.578031572 -0.329030670 0.241993192 0.706440100
23.899999999 0.630127640 2.067976363 0.509926020 -0.677684591 -0.314796361 0.170490385 0.642323808
23.949999999 0.628436068 2.108328332 0.526956052 -0.681448345 -0.317005238 0.168262438 0.637827236
24.000000000 0.574385895 2.125923875 0.529629715 -0.685298653 -0.315303168 0.160384812 0.636573940
24.050000000 0.733795507 2.205444477 0.289431315 -0.673175686 -0.316293799 0.172541608 0.645772500
24.100000000 1.184895186 2.513408546 -0.355412330 -0.625361638 -0.332861041 0.205115814 0.675317593
24.149999999 0.971844964 2.546136619 0.625438309 -0.689950295 -0.347590674 0.180569031 0.608723368
24.199999999 0.976138275 2.637053564 0.562880035 -0.684607824 -0.350460609 0.186294070 0.611378776
24.250000000 0.426350782 2.212940987 0.520273461 -0.697826367 -0.311980585 0.146830042 0.627811608
24.300000000 0.342152780 2.212781775 0.561173550 -0.701593349 -0.302366097 0.147985617 0.628045997
24.350000000 1.247830219 2.941858832 0.326822456 -0.663693132 -0.342712142 0.232224436 0.623002108
24.399999999 0.216916829 2.247729213 0.640252153 -0.713388299 -0.285896414 0.146581592 0.622779425
24.449999999 0.096646985 2.195657738 0.605287363 -0.716846990 -0.275556539 0.138192006 0.625381449
24.500000000 0.136765165 2.274795730 0.618516640 -0.719003879 -0.277371091 0.141290893 0.621398088
24.550000000 0.128463976 2.306340615 0.604856808 -0.719154615 -0.278769824 0.137126428 0.621530665
24.600000000 0.123030916 2.338699690 0.585510647 -0.717633739 -0.280417154 0.135076413 0.622994703
24.649999999 0.096762596 2.365284623 0.568858594 -0.716327703 -0.281361326 0.132475414 0.624628442
24.699999999 0.262103850 2.462365655 0.393000175 -0.700534532 -0.285962057 0.148913254 0.636633266
24.750000000 0.847731321 2.995360972 0.585361131 -0.693141763 -0.320865200 0.206303021 0.611587347
24.800000000 0.253010361 2.653106884 0.752556358 -0.712733421 -0.292002164 0.154063698 0.618878166
24.850000000 0.245532429 2.556144709 0.414852352 -0.684652891 -0.285539987 0.153116744 0.652895549
24.899999999 0.982256724 3.176291822 0.168694650 -0.643799649 -0.328696509 0.232762933 0.650616657
24.949999999 0.339399275 2.612235035 0.592223277 -0.691794353 -0.298947424 0.169998933 0.634942024
25.000000000 -0.054200398 2.566483699 0.581444383 -0.706629806 -0.287633445 0.147557814 0.629418788
25.050000000 -0.059237972 2.589396337 0.557274386 -0.710871736 -0.291505750 0.142629686 0.623973193
25.100000000 0.707083954 3.240712652 0.448328996 -0.685620552 -0.338131764 0.217417498 0.606894554
25.149999999 0.817800188 3.365035789 0.170894443 -0.668418806 -0.338540718 0.233353431 0.619800499
25.199999999 -0.486229428 2.472282357 0.537288416 -0.734384092 -0.261782435 0.110152826 0.616454635
25.250000000 0.748408431 3.380756122 0.157997232 -0.676397149 -0.334043081 0.228767358 0.615278484
25.300000000 0.980478989 3.714876767 0.406539755 -0.687224019 -0.351979948 0.247540291 0.585283751
25.350000000 -0.000203519 2.847037559 0.330460431 -0.715025620 -0.288366733 0.137067686 0.621928806
25.399999999 -0.114396120 2.768338862 0.294925631 -0.720400896 -0.272392675 0.130190918 0.624399795
25.449999999 -0.281008191 2.742756509 0.351123953 -0.742286270 -0.267705848 0.127433913 0.600920353
25.500000000 -0.566236050 2.758353525 0.642726980 -0.783664153 -0.263999865 0.117666393 0.549844694
25.550000000 -0.610527602 2.799276083 0.671043996 -0.800954343 -0.260220745 0.126924441 0.524068213
25.600000000 -0.074038732 3.188991808 0.833307822 0.805920270 0.299549257 -0.181496714 -0.477306719
25.649999999 -0.985070804 2.728041004 0.736626351 0.833799065 0.230392570 -0.116231049 -0.488045824
25.699999999 -0.431375038 2.791988515 1.027130478 0.834335868 0.267801675 -0.146445497 -0.459042089
25.750000000 -1.677159832 0.075024823 -0.018606270 -0.824691138 0.070316518 0.174511597 0.533372119
25.800000000 -1.147679100 2.812176723 0.771684153 0.847391190 0.241691725 -0.139859552 -0.451611101
25.850000000 -1.762404771 0.269537729 -0.053872715 -0.824708731 0.044017179 0.233244078 0.513337313
25.899999999 -1.087561971 -1.178634770 0.193481843 -0.828364544 -0.066341210 0.198390820 0.519665382
25.949999999 -0.483324775 2.932331929 0.569022110 0.819584389 0.358784535 -0.244601313 -0.373798453
26.550000000 -7.540205776 5.523263348 -1.152756116 0.652495959 -0.098713295 0.743050650 0.111267426
26.600000000 -1.178557326 -0.964035805 0.159620386 -0.839614794 -0.022069058 0.164391817 0.517238131
26.649999999 -0.838105845 2.825340211 0.906508350 0.857691049 0.247062250 -0.154034394 -0.423792066
26.699999999 -1.791707830 0.336222479 -0.066087078 -0.827635310 0.098547381 0.168435674 0.526248640
26.750000000 -0.190200921 3.291500293 0.665202553 0.808156251 0.267660131 -0.176863827 -0.493923794
26.800000000 -0.335635250 3.203242122 0.800416056 -0.805043796 -0.246131862 0.139865282 0.521307296
26.850000000 -0.346500222 3.175566297 0.724367748 -0.787093715 -0.224221729 0.123035544 0.561311282
26.899999999 -3.049544723 11.832060044 -0.747207324 0.687838578 0.097896957 0.020935128 0.718926976
26.949999999 -4.324771089 10.841776376 -0.124074973 0.716799446 0.253325856 0.140900405 0.634170041
27.000000000 -0.852662279 2.914139203 0.060038787 -0.698875733 -0.113256534 0.044735795 0.704800948
27.050000000 -0.897875323 2.864547621 0.080904849 -0.680692290 -0.076969584 0.041677326 0.727321587
27.100000000 -0.861328311 2.960204911 -0.083011248 -0.640148084 -0.072071316 0.025293093 0.764445168
27.300000000 5.801007815 -3.940808590 0.664524572 0.074288417 0.675059096 0.528755447 0.509111112
28.000000000 -4.926856958 7.052602306 -0.634064811 -0.112068928 0.635844349 -0.243605387 0.723739549
28.149999999 -0.743787208 3.938105030 -3.164576580 -0.320591851 -0.133433784 -0.014847650 0.937654434
28.199999999 -1.343759976 3.699500991 1.258663926 -0.753987005 -0.230544943 -0.056684492 0.612486322
28.250000000 -4.179608002 10.473343406 -0.383415994 0.708753226 0.343769102 0.065830222 0.612501471
28.300000000 -0.723537281 3.189090266 0.085594914 -0.658465263 -0.201563570 0.025321743 0.724675399
28.350000000 -0.844625955 3.151560539 0.042477970 -0.660220876 -0.199501008 0.015508309 0.723924882
28.399999999 -3.652973225 10.910193889 -0.516309887 0.737434797 0.235486544 0.050046064 0.631055782
28.449999999 -0.756734872 3.245474656 0.062865998 -0.666944176 -0.205171403 0.034112664 0.715490383
28.500000000 -0.751607581 3.265851737 0.045084613 -0.668510855 -0.204810346 0.037536017 0.713958687
28.550000000 -4.071819331 10.447576765 -0.489378913 0.698420199 0.311904309 0.062894943 0.641068759
28.600000000 -0.759736655 3.312073698 0.053338510 -0.667368647 -0.195139082 0.039368223 0.717628017
28.649999999 -3.276480502 11.017661676 -0.716536123 0.736674488 0.161696636 0.067454418 0.653157560
28.699999999 -0.765543723 3.323124300 0.012638468 -0.673686554 -0.191072037 0.039246510 0.712809663
28.750000000 -0.700977688 3.493868605 -0.037399708 -0.673801995 -0.188093413 0.046975407 0.713025280
28.800000000 -0.717471916 3.502988927 -0.044469951 -0.678439213 -0.186126610 0.045712034 0.709216137
28.850000000 -0.711932454 3.505186639 -0.043254855 -0.683063058 -0.187184443 0.049395495 0.704234995
28.899999999 -2.653468876 11.218547442 -0.611032088 0.732220919 0.121378798 -0.014931140 0.669997593
28.949999999 -0.976380745 3.305896829 -0.387716641 -0.665806999 -0.183413178 0.021183924 0.722919005
29.000000000 -0.765731550 3.388645708 -0.005671280 -0.696916266 -0.175912526 0.077217434 0.690941364
29.050000000 -0.821610314 3.323971602 0.000237248 -0.699067641 -0.166139581 0.085450670 0.690217542
29.100000000 -1.116450031 3.085820416 0.301402495 -0.727260263 -0.143850498 0.063223007 0.668133517
29.149999999 -0.879129608 3.256936766 -0.032556602 -0.703209146 -0.144960786 0.103537611 0.688304606
29.199999999 -0.873599046 3.203992481 0.023428349 -0.709125843 -0.132339505 0.116651243 0.682656049
29.250000000 -0.035074133 3.579279861 0.766568751 -0.753949304 -0.187735790 0.197312129 0.597815727
29.300000000 -0.048602049 3.581435734 0.827299174 -0.761061363 -0.179787444 0.204429286 0.588787520
29.350000000 -0.277438842 4.184385172 0.791470203 -0.773996903 -0.186180901 0.213446719 0.566309072
29.399999999 -1.280455993 4.009247937 1.141691769 -0.824760640 -0.103628696 0.100521210 0.546741682
29.449999999 -0.460619823 3.511100490 0.671004528 -0.765620603 -0.121170474 0.210749304 0.595590077
29.500000000 -0.371357983 3.548896818 0.669032527 -0.763753420 -0.122063424 0.232278747 0.589769292
29.550000000 0.909842044 4.384445077 -0.412511480 -0.642216623 -0.236320396 0.396162461 0.612181169
29.600000000 0.971931713 4.500881809 -0.528639803 -0.626528570 -0.237528276 0.420336145 0.611849487
29.649999999 0.403794625 5.397958008 -2.043019830 -0.413460968 -0.265348492 0.417939458 0.764177215
29.899999999 1.055857589 4.840248383 -0.919370030 -0.588928190 -0.219707054 0.502506563 0.593615660
29.949999999 -0.494725876 4.781045105 -2.868393405 -0.378399292 -0.135838799 0.359909136 0.841918767
30.000000000 1.601223156 5.877531434 -0.090518375 0.652560361 0.206732208 -0.632360836 -0.362693455
30.050000000 0.526048870 5.223183347 -1.965381245 -0.458203276 -0.232105708 0.490022500 0.704311471
30.100000000 1.494624335 5.489745660 -1.277751837 -0.526634189 -0.310926026 0.540763615 0.577543201
30.149999999 1.516619422 9.410795526 0.142990001 -0.555420404 -0.415083985 0.717938446 -0.061464193
30.250000000 -2.047038645 2.700353458 -0.708689563 -0.659322091 0.082509599 0.282233131 0.691976160
30.300000000 -0.521413398 3.111298057 0.445134328 -0.761199417 -0.024445287 0.355490505 0.541852725
30.350000000 -1.141102602 2.940331481 -0.135840246 -0.723496811 0.017789747 0.350340851 0.594556287
30.399999999 -0.376725343 3.285377761 -0.061538998 -0.731860936 -0.035322298 0.425312057 0.531264114
30.449999999 -4.830411116 9.932167687 -1.016576725 0.608802267 -0.311401458 0.587442075 0.432782555
30.500000000 -2.193715385 2.690050058 -0.998491377 -0.651345167 0.093655512 0.361415534 0.660573183
30.550000000 -6.174845702 3.288511133 -2.000187816 0.258201753 0.620496387 0.683921418 0.283844291
30.600000000 -6.218041958 3.223479044 -2.610764106 0.215665519 0.561843096 0.714030406 0.357744739
30.649999999 -5.580819033 9.119190815 -1.981943137 0.665079723 -0.027495274 0.380120085 0.642200664
30.699999999 17.788521942 -8.168995763 -0.749570338 0.659715625 0.046051409 -0.604042185 -0.444733179
30.750000000 -8.428944995 6.035781489 -1.242797028 0.616759506 0.370020002 0.539662908 0.437557832
30.800000000 -2.091656351 0.774411386 -0.248805303 -0.723948860 0.127240596 0.372050040 0.566821529
30.850000000 -9.202566734 6.112639224 -0.573927724 0.560961038 0.449842592 0.444409222 0.534289060
30.899999999 1.595676075 5.284958297 -0.378371638 0.639401194 0.373636241 -0.597722799 -0.307066000
30.949999999 -9.254961561 6.104785643 -0.600789714 0.540903719 0.448298425 0.454471435 0.547638022
31.000000000 1.996190480 5.294085029 -0.335382277 0.653734345 0.361400277 -0.599762484 -0.286890588
31.050000000 1.845969641 5.289605674 -0.363351553 0.659000267 0.361985266 -0.590240685 -0.293770742
31.100000000 -0.925745102 2.842075260 -0.705961476 0.734988902 0.084233694 -0.464498230 -0.486762153
31.149999999 -1.189658029 2.856794393 -0.521286972 0.758287630 0.072404035 -0.423131859 -0.490629142
31.199999999 2.044199325 5.291102882 -0.325497522 0.679928419 0.354971595 -0.562706827 -0.308307541
31.250000000 -30.638269418 3.902982784 -19.692764236 -0.361119839 0.348800347 -0.617923807 0.605062764
31.300000000 -0.802757381 3.111335445 -0.121667404 0.799122482 0.145817731 -0.366070331 -0.454018679
31.350000000 -6.168227894 7.980597754 -4.571893496 0.302176028 0.020643364 0.624224555 0.720143878
31.399999999 -8.574423286 6.007920337 -1.280249626 0.525221434 0.377136615 0.610527176 0.457347774
31.449999999 -1.185323483 3.053698112 -0.336352764 0.803350242 0.103190444 -0.345792510 -0.473716858
31.550000000 -0.967934989 3.107843493 -0.248982475 0.809068860 0.118723987 -0.351687516 -0.455662250
31.600000000 1.781985921 5.290944424 -0.379668281 0.717554616 0.343264168 -0.524315365 -0.303938287
31.649999999 -5.836593230 9.327755766 -1.893611721 0.573529106 0.034472995 0.385843853 0.721803642
31.699999999 21.391604187 -10.336515454 0.783669963 0.735212354 -0.230778362 -0.631506929 -0.086041507
31.750000000 1.824336933 5.286548217 -0.370888507 0.720958622 0.332539164 -0.513711932 -0.325171372
31.800000000 -8.382351867 6.059032616 -1.261825523 0.503249550 0.416899838 0.616271456 0.439481408
31.850000000 1.785078636 5.290668025 -0.371071723 0.726397406 0.311358184 -0.503274672 -0.349453136
31.899999999 -8.345043624 6.047439381 -1.259698892 0.499180839 0.446817450 0.620984879 0.406878898
31.949999999 -10.159915133 7.639728564 -1.961495197 0.073387396 0.748939194 -0.146408620 0.642081684
32.000000000 -1.155007705 3.037115943 -0.127942509 -0.799236949 -0.051071537 0.232314406 0.551943850
32.049999999 -0.825424342 3.237449579 0.364833873 -0.826669329 -0.064917593 0.229319029 0.509721796
32.100000000 -0.762517585 3.188868865 0.079188633 -0.802909548 -0.057025759 0.227819295 0.547889305
32.149999999 -0.828331627 3.180524972 -0.086586983 -0.787871003 -0.035301014 0.215005380 0.576008514
32.200000000 -3.258000968 10.898223786 -0.185363562 0.710737920 -0.169136011 0.322650992 0.601781486
32.250000000 -0.800811114 3.466477393 -0.101951645 -0.791403805 -0.002779810 0.176182174 0.585347873
32.299999999 -0.836058783 3.407970633 -0.135183897 -0.785870247 0.006909951 0.151908654 0.599403009
32.350000000 -1.079411712 3.436885462 -0.257824826 -0.771806047 0.037722785 0.122499944 0.622805090
32.399999999 -1.169433538 3.349481036 -0.145960866 -0.775949147 0.046214993 0.096038850 0.621726335
32.450000000 -1.069491947 3.385538237 -0.084818639 -0.773331532 0.045641737 0.107771045 0.623105590
32.500000000 -0.093338698 3.491381728 0.095886913 -0.779930331 -0.045695857 0.174878741 0.599197792
32.549999999 0.030322889 3.628026008 0.068495059 -0.768984940 -0.044244815 0.201345669 0.605115262
32.600000000 -0.007796485 3.470440237 0.174457439 -0.766990005 -0.035232342 0.193529222 0.610763010
32.649999999 0.254469558 3.594043443 0.038253700 -0.754650427 -0.062112075 0.202318993 0.621057041
32.700000000 0.250810799 3.517190268 0.111325322 -0.761388467 -0.046075718 0.192601143 0.617308213
32.750000000 0.248105576 3.492841689 0.122431338 -0.760790364 -0.041907604 0.180201310 0.622068535
32.799999999 0.209364846 3.326511112 0.258318780 -0.762868267 -0.025995563 0.167768798 0.623866867
32.850000000 -0.104484343 3.492075497 0.018263731 -0.741400413 -0.017160469 0.137215895 0.656660296
32.899999999 -0.074170390 3.505215859 0.023657405 -0.734260170 -0.020880697 0.137157892 0.664540225
32.950000000 -0.191949232 3.489140914 0.110196967 -0.735180418 -0.017483345 0.121361360 0.666689962
33.000000000 0.108339410 3.565415521 0.220639439 -0.737287573 -0.040920190 0.152547086 0.656857640
33.049999999 0.096179370 3.581057696 0.217849526 -0.731501753 -0.053147544 0.154200210 0.662044424
33.100000000 -0.826142556 3.415362732 -0.282348670 -0.683645888 0.019875254 0.087716919 0.724250658
33.149999999 -0.921060384 3.386970876 -0.060943999 -0.700657839 0.018745080 0.076950825 0.709087995
33.200000000 -0.785147650 3.461363674 0.275190466 -0.726107837 -0.015999960 0.090282506 0.681440005
33.250000000 -3.614063917 10.870084734 -0.547503627 0.735984090 0.182958593 0.188165008 0.624057291
33.299999999 1.494818226 2.863872612 0.883318479 -0.728673286 -0.160064426 0.257173878 0.614228149
33.350000000 -0.910726090 3.493155051 0.447496541 -0.743832642 -0.050626380 0.091015102 0.660201652
33.399999999 -0.717268607 3.466160188 0.429499552 -0.740834736 -0.080892126 0.114269621 0.656934404
33.450000000 -2.921159834 11.870745699 -0.709830115 0.737527736 0.053114039 0.078458974 0.668637366
33.500000000 -0.516863216 3.447690936 0.430312249 -0.736346962 -0.136011434 0.136300186 0.648626473
33.549999999 -4.284709954 9.383074890 2.360106433 0.945522527 0.079014539 0.225434276 0.221185987
33.600000000 -3.798188943 10.318193367 1.617938829 0.915797514 0.035432994 0.183602797 0.355456650
33.649999999 -0.274229189 3.256412208 0.420706642 -0.719663492 -0.207812481 0.162880113 0.642159248
33.700000000 -0.131182508 3.315416041 0.386799294 -0.710524547 -0.239103229 0.178143552 0.637376960
33.750000000 -0.247584435 3.228746765 0.321356764 -0.709692814 -0.250607249 0.176989813 0.634197700
33.799999999 0.401429699 3.767918023 0.082069885 -0.655424421 -0.332397031 0.258976351 0.626787278
33.850000000 0.478595478 3.699191647 0.026456860 -0.642722199 -0.356168478 0.278446644 0.618481735
33.899999999 -0.453040311 3.036043699 0.321891699 -0.698284503 -0.316940057 0.209195075 0.606782641
33.950000000 0.149805067 3.446083142 0.411714171 -0.681274194 -0.364680139 0.296878425 0.561014323
34.000000000 0.255546865 3.843969651 0.094610711 -0.602087999 -0.448521193 0.321721296 0.576900501
34.049999999 -1.779066089 0.273776313 -0.056982570 -0.708387427 -0.170143780 0.130674055 0.672430397
34.100000000 -1.739037509 0.210975436 -0.044126299 -0.709342084 -0.156032996 0.202745690 0.656796542
34.149999999 -0.267936985 3.057012340 0.279696920 -0.623782592 -0.459478241 0.343294921 0.530964802
34.200000000 0.537908190 3.920030893 -0.437994257 -0.486965912 -0.542115553 0.453754572 0.512914922
34.250000000 -0.209305667 3.836836230 0.764934654 0.633788306 0.451830945 -0.500704487 -0.378756117
34.600000000 -0.337708867 2.854180979 0.507519615 0.452248432 0.607452624 -0.561083421 -0.334152750
34.649999999 -0.825710689 2.841524479 0.515841857 0.453910207 0.636075644 -0.576389383 -0.239057687
34.700000000 -0.305115753 2.805379360 0.474351897 0.379914237 0.644847870 -0.596132936 -0.290623331
34.750000000 -0.328813723 2.780445818 0.510858297 0.354774954 0.668356671 -0.603874249 -0.250539384
34.799999999 -0.307579078 2.767607047 0.645119529 0.344868293 0.686654121 -0.607021894 -0.202722470
34.850000000 -0.484676893 2.672945899 0.386409109 0.274467730 0.697378176 -0.634323097 -0.189645333
34.899999999 -0.398824139 2.706242479 0.500036538 0.261499295 0.709965327 -0.634726298 -0.157130136
34.950000000 -0.453297718 2.622924040 0.365998513 0.217738799 0.716287223 -0.648184322 -0.139210320
35.000000000 -0.333437473 2.645823205 0.380724983 0.208806616 0.718903855 -0.652609714 -0.116951292
35.049999999 -0.404524610 2.682811124 0.506520047 0.185709341 0.735305420 -0.644858686 -0.094843317
35.100000000 -0.281743503 2.458097358 0.434843864 0.184787400 0.734078717 -0.645123416 -0.103912616
35.149999999 -0.422748229 2.627023844 0.501348476 0.172014592 0.743564088 -0.641550540 -0.077047594
35.200000000 -0.463556788 2.624465787 0.498871539 0.159044465 0.746090721 -0.643220371 -0.065734687
35.250000000 -0.341986528 2.365938551 0.436561093 0.144208762 0.748106368 -0.643183258 -0.076524456
35.299999999 -0.324809577 2.258197643 0.430264264 0.123879275 0.749130649 -0.647369910 -0.066101411
35.350000000 -0.399361361 2.358680882 0.520489738 0.096287360 0.753303223 -0.649208783 -0.042319671
35.399999999 -0.498064355 2.454199243 0.523557931 0.068302323 0.747496143 -0.660722109 -0.005532029
35.450000000 -0.311771794 2.075261113 0.339667669 0.066869649 0.739788099 -0.669283347 -0.017372981
35.500000000 -1.029030021 2.848961699 0.702890057 0.013725328 0.743841568 -0.660166692 0.103398623
35.600000000 -0.649544641 2.164422205 0.553791778 0.017274957 0.760866006 -0.642369795 0.090252669
35.700000000 -0.539520188 2.100550225 0.626211607 0.042751523 0.781140368 -0.617550161 0.081386928
35.750000000 -0.507444096 2.089601215 0.641720788 0.045252131 0.787246566 -0.610097798 0.077303080
35.799999999 -0.401314099 2.205517021 0.453256371 0.009614519 0.763470966 -0.644620819 0.038518124
35.850000000 -0.541394323 1.951525658 0.641219644 0.047084059 0.799177733 -0.592912938 0.086903915
35.950000000 -0.514415680 1.889910254 0.682389091 0.066661410 0.805909220 -0.583229254 0.076877977
36.000000000 1.224825056 0.432930618 0.740035903 0.097456245 0.856446843 -0.303712819 -0.405905912
36.049999999 -1.968650341 -3.450127601 -4.289888351 -0.277335212 -0.086400982 -0.472267363 0.832216071
36.200000000 -3.305763400 -6.517460941 -0.765600513 0.607173103 -0.518543951 -0.446098783 -0.404288104
36.299999999 0.368848821 1.435858648 -0.544274332 -0.166197906 -0.647504231 0.738692549 0.086312490
36.350000000 -0.027526370 1.439372147 -0.733183686 -0.141364161 -0.633617498 0.757861209 0.064741240
36.399999999 -0.282866496 1.397251597 -0.514776357 -0.157815797 -0.658172119 0.735147226 0.038238624
36.450000000 -0.995516631 2.476091666 -0.127433037 -0.098853430 -0.695155592 0.708748473 -0.068281072
36.500000000 -0.223017567 1.380732014 0.298400739 0.157007049 0.758718442 -0.623332961 -0.105598922
36.549999999 -0.386957717 1.566407023 0.331770840 0.172111670 0.748674976 -0.634384986 -0.086133861
36.600000000 -0.710935505 1.955300086 0.348907606 0.145041755 0.751368766 -0.639475982 -0.074015779
36.649999999 -0.398922528 1.494806147 0.326338557 0.211850082 0.738617562 -0.621587500 -0.152291234
36.700000000 -0.427362035 1.479418061 0.317018783 0.241475493 0.727455406 -0.618060217 -0.174641885
36.750000000 -0.667890123 1.533833143 0.246963627 0.226379716 0.728130383 -0.617469398 -0.193157739
36.799999999 -0.652347294 1.507673113 0.228220923 0.249595046 0.720526818 -0.610620206 -0.213743726
36.850000000 -0.425828994 1.328224895 0.455518647 0.292018143 0.725928405 -0.568591504 -0.253883944
36.899999999 -0.716452829 1.530550811 0.321357137 0.286078777 0.722059457 -0.584605725 -0.234574550
36.950000000 -0.467053761 1.424895245 0.371785822 0.316087021 0.708490478 -0.567218732 -0.276393103
37.000000000 -0.694851673 1.425109375 0.194817579 0.309432366 0.696577411 -0.583954318 -0.279336492
37.049999999 -0.529324972 1.427793204 0.369448675 0.340769999 0.695572846 -0.559671237 -0.294656291
37.100000000 -0.719648884 1.447273408 0.212443919 0.332458775 0.686906623 -0.574962873 -0.295039233
37.149999999 -0.723113118 1.391631747 0.172736650 0.344472238 0.677321289 -0.572577822 -0.307781393
37.200000000 -0.541550392 1.357353007 0.322305676 0.370395141 0.674362286 -0.549410394 -0.325869860
37.250000000 -0.403604117 1.142362485 0.412390159 0.396909342 0.664444419 -0.526530654 -0.351769896
37.299999999 -0.378414525 1.042220943 0.382190262 0.410877919 0.649808418 -0.526602531 -0.362792130
37.350000000 -0.469966285 1.171034598 0.467581128 0.412625345 0.655896795 -0.529730372 -0.344855696
37.399999999 -0.682356113 1.199380705 0.328975511 0.425763209 0.648168523 -0.551803907 -0.306782830
37.450000000 -0.434721984 1.004197630 0.609739312 0.467215272 0.648902537 -0.512410874 -0.313162071
37.500000000 -0.874663959 1.319528801 0.120636610 0.405733943 0.647496305 -0.587477532 -0.266455722
37.549999999 -0.730190029 1.199914773 0.194595595 0.434741904 0.639345373 -0.569678334 -0.278753594
37.600000000 -0.716136844 1.078392704 0.230073949 0.432330272 0.644316279 -0.558414710 -0.293462230
37.649999999 -0.833517220 1.248073858 0.110402948 0.438081665 0.638566094 -0.579011439 -0.255075581
37.699999998 -0.800767307 1.226684715 0.087185026 0.441773699 0.635975513 -0.577323004 -0.258977403
37.749999999 -0.385120866 1.044445321 0.268006518 0.484868369 0.621796061 -0.543535223 -0.287822489
37.799999999 -0.853076456 1.197849048 -0.005230527 0.452195495 0.629117167 -0.589039942 -0.229701485
37.849999998 -0.782884808 1.236600628 0.103067056 0.464721574 0.632686644 -0.578458764 -0.221645951
37.899999999 -0.757790240 1.204134670 0.135366122 0.472406114 0.632300031 -0.572435525 -0.222141182
37.949999998 -0.807407343 1.242289068 -0.004549170 0.454489873 0.626316656 -0.590929227 -0.227967215
37.999999999 -0.874240981 1.253065625 -0.021204132 0.460581777 0.622639786 -0.593236489 -0.219669277
38.049999999 -0.408795808 1.071364030 0.174716098 0.497460565 0.604897393 -0.555266778 -0.279840911
38.099999998 -0.655330064 1.199729948 0.291689279 0.515153287 0.619256783 -0.542829351 -0.237643481
38.149999999 -0.364704413 0.940813847 0.127542077 0.527962383 0.582602630 -0.544460160 -0.292220862
38.199999998 -0.427911846 1.095581967 0.084709000 0.525212313 0.582780888 -0.559208678 -0.267962904
38.249999999 -6.459422441 -1.364814712 -0.751210223 0.475815955 0.536951928 0.620788868 0.316074334
38.299999999 -0.899013358 1.279828112 -0.027111261 0.489704116 0.612421306 -0.590581560 -0.190639566
38.349999998 -0.449242940 1.108966718 0.045733232 0.513827442 0.589111343 -0.576218224 -0.238540865
38.399999999 -0.735877061 1.235216693 0.084831981 0.505657479 0.606004355 -0.579085215 -0.204278118
38.449999998 -0.447628114 1.122022281 0.022795824 -0.522932971 -0.574085386 0.578026063 0.250704905
38.499999999 -0.442941346 1.069777535 0.061459319 -0.544167873 -0.557417406 0.570347793 0.260519781
38.549999999 -0.351610639 1.087489536 0.116040708 0.577831371 0.527832328 -0.560494895 -0.270830969
38.699999998 -0.551312926 1.329075067 -0.312944048 -0.545497241 -0.470222452 0.607083386 0.335817462
38.749999999 -3.609004535 2.526247495 -0.737765611 0.714678494 0.020888817 0.411484547 0.565224535
38.799999999 -0.578297132 1.290363409 0.015768776 0.626785046 0.429781372 -0.556480947 -0.335793737
38.849999998 -1.559835910 0.947726146 -1.174998385 -0.420323668 -0.237532624 0.485212694 0.729023256
38.899999999 -1.561728332 0.934047797 -1.152406000 -0.427142983 -0.206776898 0.473666415 0.741911258
38.949999998 -3.094615843 2.515438075 0.615373037 -0.009934074 0.896828072 -0.294437975 0.330010610
39.199999998 -0.918170903 1.690354805 -1.061172734 -0.409924025 -0.273214669 0.672283124 0.552586138
39.499999999 -1.018243362 1.792141732 -1.162415060 -0.297863785 -0.307461403 0.698988748 0.572851972
39.549999999 -3.473023007 0.837309244 0.283042110 -0.682135592 0.393402231 -0.119659306 0.604654752
39.649999999 -1.325239498 1.520439907 -1.290835410 -0.228033103 -0.279905995 0.694292107 0.622584940
39.799999999 -0.851014498 1.389969058 -0.317394945 -0.438605881 -0.550535018 0.617806622 0.350501144
39.849999998 -7.382247789 -1.664905871 -0.233283242 0.331160023 0.764419569 0.413497324 0.367444860
39.899999999 -0.507770256 1.180174325 -0.133798280 -0.463174944 -0.575267695 0.592568652 0.321556281
39.949999998 -0.837517757 1.222846517 0.047705335 0.462510325 0.617685796 -0.591329041 -0.234261441
39.999999999 -0.896033630 1.256586524 -0.056786793 0.433547820 0.629438000 -0.610273207 -0.208352358
40.049999999 -0.899501802 1.230073480 -0.064682831 0.424758662 0.641082871 -0.610764434 -0.188572636
40.099999998 -0.876049088 1.212097581 -0.066506390 0.427448486 0.647441669 -0.604811147 -0.179751366
40.149999999 -0.652170434 1.135693747 0.084871804 0.456014745 0.646456509 -0.579537957 -0.195653494
40.199999998 -0.643892149 1.141262369 0.108001261 0.459027546 0.651369001 -0.570069742 -0.200081549
40.249999999 -0.745434548 1.145375282 -0.001864489 0.443612603 0.658964057 -0.570599302 -0.208304264
40.299999999 -0.740635365 1.009209835 -0.081434238 0.443790936 0.659280794 -0.561462801 -0.230560106
40.349999998 -0.712814415 1.097535166 0.045860184 0.426447227 0.683488848 -0.535719794 -0.252962567
40.399999999 -0.800415115 1.224228570 0.028714481 0.407364758 0.694646813 -0.533951532 -0.257712090
40.449999998 -0.527290123 1.011357091 0.419338625 0.451181736 0.704761152 -0.463965760 -0.290658793
40.499999999 0.027363200 0.660584294 0.281860069 0.471124655 0.663500901 -0.435436774 -0.384971336
40.549999999 -0.415820516 0.984377785 0.341122643 0.420732290 0.705406966 -0.445913535 -0.355733710
40.599999998 -0.651909243 1.114895748 0.405504046 0.417716629 0.722112277 -0.445838802 -0.324491049
40.649999999 -0.757249041 1.230197677 0.427388854 0.398918123 0.735429899 -0.442964263 -0.322164332
40.699999998 -0.787521192 1.245604356 0.445455363 0.385385490 0.741538188 -0.434100864 -0.336386058
40.749999999 -0.320190410 1.030040898 0.453947040 0.380350683 0.721232612 -0.396083539 -0.422225896
40.799999999 -0.272333703 1.050796153 0.641618773 0.382362592 0.731948650 -0.369993043 -0.425623273
40.849999998 -0.268157176 1.041301123 0.720062744 0.373943255 0.736873099 -0.355590899 -0.436737438
40.899999999 -1.011675930 1.339967505 0.219125207 0.302878878 0.743400298 -0.434492589 -0.408456329
40.949999998 -0.974854966 1.338449111 0.225089259 0.292669876 0.743825112 -0.425363979 -0.424421996
41.049999999 -0.861333758 1.323734458 0.198244751 0.275033468 0.737021021 -0.407275831 -0.463985996
41.099999998 -0.755073734 1.314807352 0.167665501 0.260536978 0.729106223 -0.395287067 -0.494239550
41.149999999 -0.596285670 1.258576908 0.180450167 -0.260188260 -0.721059885 0.375082727 0.521236663
41.199999998 -0.651558278 1.286758216 0.170136088 -0.257819304 -0.721278157 0.377361165 0.520466693
41.449999998 -0.506664975 1.433113409 0.449181070 0.333830971 0.714978025 -0.415976714 -0.452025087
41.499999999 -0.461428045 1.212423559 0.582789308 0.398058903 0.700701624 -0.406269216 -0.430710655
41.549999999 -1.144022195 1.368914455 0.233480173 0.399225358 0.695926259 -0.494733093 -0.333983415
41.599999998 0.315872908 0.354566481 0.080180163 -0.473318751 -0.570142777 0.415725661 0.527331725
41.649999999 0.588840915 0.390872657 0.147181689 -0.491060763 -0.558188389 0.441870380 0.502031489
41.699999998 -0.354243160 0.903749362 0.160440318 0.475323132 0.605534802 -0.511883153 -0.381275702
41.749999999 -0.495703581 1.098642744 0.168719044 0.479559757 0.607915372 -0.537663489 -0.333735392
41.799999999 -0.345456577 0.924119054 0.410738021 0.526021850 0.597004684 -0.512909494 -0.322196014
41.849999998 -0.356784933 0.981239950 0.420914119 0.538936441 0.589050985 -0.522707248 -0.298903969
41.899999999 -0.388270975 0.980345620 0.409711277 0.547700374 0.578351677 -0.535370888 -0.280912176
41.949999998 -0.315068548 0.819573796 0.850571716 0.600128636 0.577730731 -0.490791903 -0.255335329
41.999999999 -0.432253880 0.947837677 0.359111042 0.556610974 0.562033580 -0.559151856 -0.248297567
42.049999999 -0.457558855 0.998657459 0.321504721 -0.555977019 -0.555418565 0.574519324 0.228751652
42.099999998 -0.831445264 1.082752426 0.055847148 -0.525042869 -0.557412234 0.615076503 0.187889549
42.149999999 -0.522292776 0.952641061 0.310423796 -0.568277221 -0.540752195 0.587695644 0.198146142
42.199999998 -0.543746527 0.990084970 0.270864279 -0.551585569 -0.544883192 0.597801427 0.203688784
42.249999999 -0.567415029 0.943853798 0.297649064 -0.551536976 -0.548282168 0.595770862 0.200625790
42.299999999 -0.506643082 0.932428226 -0.101172493 -0.497892179 -0.533542035 0.640674019 0.238690336
42.349999998 -0.366950019 0.787390179 0.186145152 -0.560983309 -0.517026061 0.610243806 0.213504745
42.399999999 -0.337032862 0.718121862 0.430087090 -0.574932373 -0.530107026 0.584960859 0.215081616
42.449999998 -0.821276818 1.005706825 0.419699530 -0.588344410 -0.534206652 0.596445222 0.112814911
42.499999999 -0.640171280 0.936300029 0.262528695 -0.564296114 -0.523154894 0.620138597 0.152666212
42.549999999 -0.653980543 0.946115203 0.237151514 -0.560523658 -0.520032626 0.626008081 0.153274847
42.599999998 -0.641851466 0.940273997 0.245373266 -0.562309765 -0.519350612 0.624325669 0.155884989
42.649999999 -0.441863626 0.797023320 0.373319063 -0.583153772 -0.512354530 0.604132750 0.180133655
42.699999998 -0.715331487 0.781185675 0.448661493 0.588285335 0.536361898 -0.586626097 -0.148681208
42.749999999 -0.455659435 0.836255037 0.155858459 -0.557001531 -0.524618315 0.619197323 0.176407464
42.799999999 -0.689557434 0.923760030 0.328827143 -0.566583792 -0.556316248 0.593161619 0.132869606
42.849999998 -0.749751669 0.920047182 0.097692883 -0.549795295 -0.557365630 0.610180040 0.121445489
42.899999999 -0.238740274 0.597434024 0.383727302 0.573606357 0.566687709 -0.558569224 -0.194528173
42.949999998 -0.851716346 1.031166092 0.375728651 0.565668224 0.600650971 -0.561754136 -0.060581862
42.999999999 -1.046915136 1.055418060 0.244187936 0.540381313 0.619632760 -0.568286264 -0.033075702
43.049999999 -1.041541827 1.057723720 0.222683945 0.531023363 0.630706134 -0.565326682 -0.025093880
43.099999998 -0.532573366 0.898070991 0.226490932 0.531426071 0.628059875 -0.559727340 -0.099158605
43.149999999 -0.587782600 0.841200793 0.139205954 0.532687540 0.627681105 -0.560916177 -0.087369662
43.199999998 -0.775952588 1.037131364 0.215850553 0.510353646 0.663870392 -0.545914810 -0.028147458
43.249999999 -0.729009493 1.034120244 0.239127422 0.503592420 0.678303148 -0.534708053 -0.019667559
43.299999999 -0.394373735 0.848070237 0.218438637 0.507803992 0.682646107 -0.521901425 -0.061223370
43.349999998 -0.346777688 0.834396618 0.247250150 0.509012799 0.697416565 -0.502640904 -0.043222994
43.399999999 -0.511510151 0.865600776 0.241407311 0.493628280 0.722056057 -0.484523444 -0.014254963
45.049999999 0.224360769 1.182106366 0.206914461 0.161292485 0.935429442 -0.302885082 0.084953635
45.099999998 -0.589198835 0.744750103 -0.621045291 -0.176965125 0.651778141 -0.348499847 0.649935732
45.149999999 -0.048862136 1.202655327 0.159751127 -0.017910480 0.908498382 -0.383057278 0.166063318
45.199999998 -0.042037456 1.280802432 0.304095662 -0.037427033 0.907890248 -0.395303030 0.134424808
45.249999999 -0.029221860 1.307005474 0.296786209 -0.096253809 0.895690919 -0.427908379 0.073262548
45.299999999 0.006127198 1.310819654 0.287014835 -0.143810217 0.882111586 -0.448455570 0.009239797
45.349999998 -0.020345085 1.340516893 0.286978771 -0.173883806 0.864819837 -0.470697685 -0.017168614
45.399999999 -0.021952831 1.347350707 0.296455008 -0.194863988 0.852321020 -0.483213888 -0.045620655
45.449999998 -0.065808030 1.379318285 0.314632814 -0.206282504 0.840070117 -0.498634155 -0.055621103
45.499999999 -0.072250281 1.394904410 0.295475281 -0.214968435 0.826510720 -0.514224838 -0.079002646
45.549999999 -0.071917125 1.404834776 0.285575207 -0.225821586 0.814291199 -0.523948556 -0.106828676
45.599999998 -0.064590411 1.416273758 0.255571635 -0.230959961 0.801503386 -0.534876065 -0.134749446
45.649999999 -0.041234777 1.379789263 0.321356771 -0.256140741 0.803603301 -0.509707477 -0.169740815
45.699999998 -0.041426287 1.384540755 0.328248946 -0.261163094 0.796170852 -0.510570327 -0.192934585
46.049999999 -0.149691276 1.430819849 0.526336458 -0.370025754 0.741577437 -0.559313657 -0.017665750
46.099999998 -0.390034540 1.155325725 -1.751949709 0.057475056 0.582138092 -0.455216234 0.671260040
46.149999999 1.119953612 2.198646466 -1.704088231 0.507563892 0.097655262 0.082240627 0.852102590
46.199999998 -0.170124354 1.468388376 0.594594790 -0.360988752 0.711151653 -0.556685480 0.232490264
46.249999999 -0.084228063 1.402980628 0.556701366 -0.344347664 0.703141206 -0.553934310 0.283149980
46.299999999 -0.049495509 1.388503186 0.578505365 -0.321119433 0.707763153 -0.541285457 0.320879547
46.349999998 0.061427325 1.039363014 0.399642159 -0.312382292 0.697418497 -0.535897930 0.358940318
46.399999999 0.044659824 1.300644085 0.477896035 -0.289224976 0.703794741 -0.528084198 0.377026465
46.449999998 0.073567802 1.330741286 0.457037634 -0.275220553 0.698438319 -0.527607813 0.397577108
46.499999999 -0.069815950 1.335311252 0.621787017 -0.266609940 0.699901869 -0.521007699 0.409398939
46.549999999 0.175778068 1.158735301 0.159707137 -0.275898332 0.657780118 -0.556442932 0.426118165
46.599999998 22.418754613 12.874271301 -1.430635063 0.487167096 -0.359742555 0.125866608 0.785755122
46.649999999 -0.124189596 1.378880956 0.323926100 -0.270466995 0.657582119 -0.558641621 0.427027985
46.699999998 0.199139113 1.241262231 0.248835613 -0.263256176 0.661820323 -0.546563417 0.440407172
46.749999999 0.301797032 1.353296126 0.551376005 -0.297300996 0.647782799 -0.572998747 0.404551602
46.799999999 -0.241296002 0.942766769 0.532540226 -0.318810750 0.630334379 -0.567200751 0.423463793
46.849999998 -0.136247475 1.300398131 0.529564725 -0.303213977 0.628275986 -0.583324472 0.416008569
46.899999999 0.332274381 1.060876649 0.509515490 0.338385921 -0.583988282 0.622280108 -0.396509927
46.949999998 0.356718965 0.968587034 0.419411440 0.336347535 -0.558003207 0.635702311 -0.413987112
46.999999999 0.453262359 0.948410460 0.285219142 0.349676867 -0.522839779 0.651289471 -0.424484014
47.049999999 0.348230239 0.870230216 0.380489179 0.356353197 -0.506097885 0.652471773 -0.437216095
47.099999998 0.181995916 0.795041705 0.233811498 0.364715995 -0.477185520 0.658684420 -0.453222967
47.149999999 0.455569258 1.001838696 0.598492707 0.381370891 -0.482900217 0.651424906 -0.443857203
47.199999998 0.090203437 0.850054300 0.661890378 0.410910004 -0.447369149 0.651243351 -0.454858122
47.249999999 15.261945189 0.994576902 2.428921857 0.817349332 -0.344644563 -0.330582576 0.322297000
47.299999999 4.547308141 -4.575061322 0.863747927 0.434145128 0.577491828 0.683534992 -0.103928393
47.349999998 5.944807447 -8.083602252 -5.704840455 0.081658566 0.368112736 0.799327637 -0.467867738
47.499999999 9.844091914 -7.481494746 3.522695638 -0.833837697 0.194359254 0.127509048 0.500680155
47.549999999 16.426279791 14.208069777 2.573621048 0.838307405 0.028680612 -0.273866220 0.470547989
47.599999998 14.190035920 -3.204974601 2.066398679 0.628064773 -0.592382170 -0.386075102 0.324906174
47.649999999 14.415066988 -2.002613336 1.626333445 -0.323743390 -0.579043150 0.149797487 0.733116608
47.699999998 2.688899111 4.067545283 0.213747924 0.465203824 0.655287552 -0.037402190 0.593956819
47.749999999 0.947114859 0.700080177 0.486313066 0.537153709 -0.319596053 0.621223376 -0.472658199
47.799999999 2.062722790 -7.850159397 0.698780424 -0.640143670 0.072683657 -0.335583662 0.687253064
47.849999998 17.731164938 0.507469447 4.231803558 0.712380857 -0.539903543 -0.384122963 0.231229817
47.899999999 1.138946728 0.769374184 0.527008661 0.527526843 -0.376497047 0.587378011 -0.484718965
47.949999998 1.013701570 0.736209150 0.535333257 0.510060226 -0.399433116 0.575736765 -0.498817531
47.999999999 1.212711492 0.745026019 0.526315587 0.511947784 -0.411165467 0.575547616 -0.487439603
48.049999999 0.605637190 0.291089161 -2.435795512 -0.275077630 0.396111475 -0.508219663 0.713541009
48.099999998 1.302277060 0.770427681 0.542285807 0.516133091 -0.437370653 0.551676583 -0.487818093
48.149999999 1.405634843 0.724889359 0.500479121 0.522699202 -0.437892519 0.536305225 -0.497405662
48.199999998 1.432407681 0.722822603 0.460929557 -0.529887104 0.434705355 -0.519184657 0.510586137
48.249999999 1.530301986 0.673441394 0.501060021 -0.554826335 0.412522947 -0.497172388 0.524225307
48.299999999 1.580339148 0.778221903 0.587704161 -0.575708289 0.396994891 -0.477996003 0.531483624
48.349999998 1.759347206 0.989888615 0.766385900 -0.614456291 0.344790847 -0.457557499 0.542405636
48.399999999 2.844822320 4.014780416 2.737899230 0.766926287 -0.487013611 0.415770467 0.042151298
48.449999998 7.231472681 -3.403561591 0.661890156 -0.572421698 0.287149071 0.555880953 0.529976582
48.499999999 9.196129125 -1.395640399 -0.506529180 -0.521325865 -0.110478788 0.616166517 0.579959139
49.049999999 4.006687750 1.550145799 0.502677045 -0.705781872 0.027271248 -0.211262146 0.675645272
49.199999998 3.141117714 3.545304159 2.055549236 0.716859660 -0.565569695 0.401097948 -0.073236495
49.249999999 8.811592066 4.950893427 -2.436272134 0.379846360 -0.497081070 0.231534351 0.744995971
49.299999999 8.309192392 8.127041237 1.509407093 0.750964985 0.129746382 -0.333281511 0.555104406
49.399999999 10.353277510 -2.761250918 -2.237517120 -0.405722143 -0.258627615 0.522358548 0.704019067
49.449999998 9.922652665 1.309094383 -0.718067544 -0.510738657 0.380289278 0.745452807 -0.197043652
49.499999999 3.251183935 1.364655072 0.662978735 0.654344749 -0.394612289 0.412867504 -0.495635466
49.549999999 2.620773450 -3.131102030 -2.819020780 -0.433049790 0.302055211 -0.069704344 0.846387519
49.599999998 2.972768985 1.955656220 0.460485872 0.609047800 -0.448042476 0.457531295 -0.467957083
49.649999999 3.277708101 1.342289297 0.590804036 0.642540390 -0.425455539 0.423920900 -0.475836633
49.699999998 3.387598738 1.440971357 0.671940953 0.643610077 -0.445403110 0.429018233 -0.450916283
49.749999999 2.288515769 1.719594739 0.420090060 0.610268669 -0.449421742 0.461631599 -0.460964766
49.799999999 9.391552899 1.135745801 0.568313807 0.734134521 0.017016923 -0.673141540 -0.087392204
49.849999998 2.633075517 1.811637537 0.394327244 0.627390093 -0.420872553 0.483982076 -0.441598590
49.899999999 17.138009921 -3.227420554 -3.855554201 -0.379438648 -0.530016619 0.094760634 0.752415522
49.949999998 3.737899336 3.085010396 1.446164437 0.619769363 0.581506279 0.014064738 0.526819294
49.999999999 1.057656123 1.190335759 0.944846357 -0.022557573 0.660676158 -0.239016117 0.711245011
50.199999998 4.740269419 2.275428958 0.328533987 -0.699899991 -0.145113247 -0.013997565 0.699203988
50.249999999 3.685690421 1.918432483 0.812520581 -0.722771665 -0.173573572 -0.005866447 0.668908753
50.299999999 3.268958929 1.586541837 0.818943589 -0.715064596 -0.221366125 0.018604642 0.662822397
50.349999998 3.236728879 1.732078130 0.832247885 -0.713505328 -0.264886729 0.063644161 0.645518853
50.399999999 3.299302431 1.586901366 0.752389635 -0.695783375 -0.307825527 0.085836462 0.643242599
50.449999998 3.221431468 1.752821911 0.921138487 -0.693619642 -0.349778291 0.112247057 0.619635004
50.499999999 3.320911905 1.575156930 0.840864943 -0.674264205 -0.379055707 0.122692927 0.621796590
50.549999999 3.185690928 2.092927780 0.648792762 -0.657695181 -0.412826707 0.156064048 0.610454889
50.599999998 3.321110668 1.353623864 0.820737384 -0.668511717 -0.408783698 0.133652288 0.606733087
50.649999999 3.148069690 2.168002369 0.541533794 -0.645007999 -0.441532206 0.165430238 0.601370791
50.699999998 3.350551991 1.369149929 0.835341880 -0.660758881 -0.429113693 0.139353419 0.599866456
50.749999999 3.168575513 2.151363998 0.503491464 -0.634011900 -0.455896861 0.162307241 0.603194266
50.799999999 3.345339008 1.513133651 0.744485947 -0.653173460 -0.441033532 0.139054693 0.599597904
50.849999998 3.179286521 2.292457829 0.593768425 -0.642586011 -0.457203939 0.173269742 0.589936753
50.899999999 3.194037055 2.232649139 0.620460298 -0.643949221 -0.454946727 0.174155472 0.589934528
50.949999998 3.280717269 1.657548504 1.062348971 -0.677095981 -0.433097775 0.162568154 0.572310182
50.999999999 3.336016076 1.792654719 0.874497833 -0.662235052 -0.441344062 0.171293735 0.580791366
51.049999999 3.437318348 1.418333489 0.847466140 -0.654562083 -0.443833048 0.154239503 0.592259133
51.099999998 3.216659261 2.121366683 0.543938974 -0.633625093 -0.460835350 0.174512317 0.596402106
51.149999999 3.372199635 1.386165256 0.742592174 -0.658104760 -0.428652731 0.148446528 0.600931435
51.199999998 3.358069697 1.577482051 0.807621706 -0.665820461 -0.427707802 0.142289336 0.594561094
51.249999999 3.407302847 1.310863664 0.738437538 -0.671848634 -0.404025312 0.114014649 0.610232431
51.299999999 3.357085871 1.465782895 0.886040199 -0.694181991 -0.372705741 0.087595168 0.609531690
51.349999998 3.305361438 1.725860857 0.782059848 -0.716806797 -0.312075879 0.058679291 0.620768396
51.399999999 3.062610390 1.537292947 0.770072049 -0.736225893 -0.212789822 -0.028547663 0.641776408
51.449999998 1.847258187 1.385691770 0.340413431 -0.726917831 -0.049242970 -0.176566665 0.661807985
51.699999998 4.556357319 1.628596700 -0.459430211 0.699858629 -0.236199439 0.590920088 0.324378135
51.799999999 2.742127290 1.710187506 0.676179581 0.559501416 -0.417950035 0.551826714 -0.455810499
51.849999998 3.034352131 1.491328185 1.355021638 0.500305262 -0.527728851 0.554950172 -0.404013875
51.899999999 3.572753071 1.539967015 0.873591913 0.407057383 -0.577487235 0.618462139 -0.343972911
51.949999998 3.604359085 1.542420500 0.801395785 0.347943530 -0.614902354 0.642639146 -0.296387117
51.999999999 3.617179399 1.496081908 0.811698602 0.311574122 -0.642145223 0.648120482 -0.265538924
52.049999999 -3.546400514 -14.636017708 -3.700463615 -0.534351543 0.203037741 -0.160586666 0.804646523
52.099999998 12.501729553 -3.186922655 0.062065340 -0.653024548 -0.190922699 0.349599434 0.644117768
52.149999999 14.672090975 -5.772633096 0.383186874 -0.613211547 -0.297978800 0.266863805 0.681148988
52.199999998 -7.939056662 1.174559743 -1.217729168 0.473121904 0.528269480 0.523095721 0.472713324
52.249999999 -12.854287948 -7.165077337 9.303037822 -0.114910120 0.898444630 0.060903744 0.419384840
52.299999999 14.682530722 0.668419492 1.145063113 -0.533590131 -0.474002516 0.395220286 0.578276848
52.349999998 16.695522948 -3.037875793 0.542158357 0.631727979 -0.481566631 -0.505698343 0.336574696
52.399999999 10.653033635 -1.075447584 1.233558140 -0.616085630 -0.440397623 0.362941838 0.542919564
52.649999999 1.711073562 8.774400148 -1.078406246 -0.146316897 -0.529181316 0.780036962 0.300168016
53.049999999 9.619997622 -2.659476771 0.432519091 0.592925722 -0.583618378 -0.551562111 0.060065917
53.099999998 9.273859821 4.588243793 2.398285106 0.886626229 -0.053389670 -0.248024337 0.386687732
53.149999999 40.282444645 -1.125571345 -0.695450696 0.235449548 -0.507460544 -0.172959250 0.810637036
53.299999999 10.295055920 -1.181890999 0.530416564 0.632565343 -0.533462343 -0.537649595 0.161900981
53.699999998 1.548334107 2.773456046 -0.977949526 -0.375854735 -0.349985512 -0.389346147 0.764626011
53.749999999 -28.038684867 3.975030476 -13.406218310 0.357417579 -0.085186041 0.928106412 0.060120720
53.799999999 -4.559860623 -2.194784499 -0.231541571 -0.071293803 0.824147057 0.099264011 0.553032982
53.849999998 -4.705331875 -2.378521848 -0.622406194 -0.025909106 0.787186010 0.140279491 0.599990474
53.899999999 -3.244765381 -2.681641208 -0.310822956 -0.066140888 0.783940786 0.216666362 0.578029337
53.949999998 14.417935341 -1.932873695 0.348481676 -0.258419002 -0.617000896 0.083517695 0.738616483
53.999999999 10.979045874 -6.807586700 1.836293960 0.633587853 -0.526400546 -0.566828761 -0.013192944
54.049999999 2.376068127 1.737552676 1.067136440 0.589896853 -0.410618617 0.693782493 0.045605998
54.099999998 13.708063719 -5.687181085 2.455647109 0.745348682 -0.371353233 -0.553481877 0.014488982
54.149999999 14.408924766 -6.195948392 -3.235566721 -0.433017086 0.381407584 0.788392468 -0.213217669
54.199999998 15.041394896 -1.556071130 1.849472199 0.826161848 -0.054972175 -0.560630754 0.011305645
54.249999999 13.145055439 -1.434335270 1.119440062 0.742020267 -0.303834140 -0.568153754 0.185181129
54.299999999 14.111322773 -2.921602838 1.292942755 0.674316439 -0.395538168 -0.604019587 0.154942685
54.349999998 13.547922047 -5.638081949 2.876235643 0.667111587 -0.461650300 -0.572518623 -0.118589869
54.399999999 13.380891687 -7.436906246 -0.956148056 -0.531566323 0.302234759 0.676001796 0.411233469
54.449999998 3.416623828 1.650016511 0.700596986 0.682152326 -0.324470466 0.613906652 -0.229141318
54.499999999 12.486540780 -0.107829026 1.158262862 -0.607476360 0.479637180 0.610135381 -0.169279251
54.549999999 1.098212138 2.968793521 1.735182241 0.647824696 -0.456179229 0.564471252 -0.231507838
54.649999999 9.471568975 0.381360375 -0.656666540 -0.340890437 -0.527150905 0.346803998 0.696873461
54.699999998 12.069249396 -2.824396504 7.193663268 0.895955743 0.020106534 -0.434127315 -0.091610637
56.999999999 3.918638511 1.672493330 -2.447483731 0.379168300 -0.433623307 0.765192441 -0.287546094
57.099999998 10.962495526 -1.843604030 -2.385912530 -0.420573080 -0.360487865 0.424843316 0.716013227
57.149999999 2.688472748 1.297882180 1.162490598 -0.612430350 0.473076294 -0.305155389 0.554984753
57.199999998 3.247215485 2.138732572 1.041464847 0.652573165 -0.456494488 0.428502452 -0.426786475
57.249999999 9.214372260 -0.588628087 0.942833102 -0.472413729 -0.689384001 0.218092799 0.503994542
57.299999999 3.850729572 -0.581990031 -1.097252850 0.112873488 0.581305571 0.289560978 0.751995911
57.349999998 0.350320561 10.801475100 3.510840592 0.136274203 0.815435126 -0.472328975 0.305614522
57.399999999 2.847497394 1.909367921 1.247924480 0.582807140 -0.452246451 0.499352520 -0.454374345
57.449999998 3.305557483 1.909154118 0.532052866 0.539235848 -0.417542368 0.575101732 -0.451819731
57.499999999 3.447377917 1.384199521 0.615585121 0.510895060 -0.413201738 0.568709606 -0.494792832
57.549999999 4.123156291 1.709685813 0.590162681 0.471192636 -0.436101524 0.611634765 -0.462272511
57.599999998 10.864779937 -3.539454910 0.415691699 -0.524736384 -0.329264130 0.237376442 0.748257499
57.649999999 3.173324838 1.678334015 -0.278605554 0.424085345 -0.383092323 0.662521970 -0.484207116
57.699999998 5.024805980 -7.923009770 -0.068767936 -0.206302183 0.687463303 0.680691795 0.146602511
59.399999999 1.147609085 -2.287466829 -2.082089937 0.420906192 -0.134262009 0.797856363 -0.410166936
59.499999999 0.109155941 -4.295614590 -0.771532534 0.640147479 -0.024300991 0.605959241 -0.471629160
59.549999999 -0.725565298 -2.098484759 -0.565894609 0.571120594 -0.264222219 0.737315653 -0.245710224
59.649999999 3.465475350 1.107173894 0.483074713 0.476841078 0.695747040 -0.534021818 -0.058132093
59.699999998 3.432854226 1.131110544 0.505763562 0.493373327 0.679618798 -0.533364294 -0.101111723
59.749999999 3.464390976 1.201969016 0.665046957 0.511283930 0.668992936 -0.523457577 -0.130496590
59.799999999 3.419932223 1.146325471 0.669346392 0.509187699 0.667952665 -0.507639872 -0.192012723
59.849999998 3.450426398 1.356763310 0.591890708 0.511616204 0.632512828 -0.543176349 -0.207691688
59.899999999 3.401242579 1.192291197 0.687200236 0.521582175 0.635496776 -0.496789756 -0.278021258
59.949999998 3.316948394 1.215030708 0.774513116 0.540329195 0.626750212 -0.473132011 -0.302282373
59.999999999 3.276716448 1.464361173 0.654688975 0.554349924 0.578968576 -0.510933977 -0.310544717
60.049999999 3.276303670 1.434727130 0.594706490 0.561929173 0.550352043 -0.515273439 -0.340354985
60.099999998 3.253600640 1.495932131 0.786586305 0.564058427 0.550799862 -0.498679688 -0.360244599
60.149999999 -1.700213940 -11.619328668 2.592476923 -0.664937720 -0.241683597 -0.274241917 0.651335734
60.199999998 3.157845629 1.477161374 0.731425540 0.593712858 0.490976653 -0.501755958 -0.393303860
60.249999999 3.080593355 1.438814931 0.973864645 0.630689884 0.460551098 -0.487842979 -0.390041258
60.299999999 3.097509051 1.528618356 0.684407234 0.639883333 0.425245415 -0.503964941 -0.394632735
60.349999998 2.648029728 1.200914463 0.310325492 0.672198453 0.353434957 -0.507251410 -0.407343808
60.399999999 2.813258507 1.352244762 0.446522887 0.696421685 0.341207081 -0.499818127 -0.385689517
60.449999998 2.836184467 1.393851044 0.351851115 0.712250769 0.308123696 -0.508335918 -0.373300448
60.499999999 -3.496178141 11.674722047 -2.596027953 -0.071244079 -0.628123431 0.714389318 -0.300055226
60.549999999 -6.009950267 -0.510590477 0.342532095 -0.574369457 0.528538982 -0.342153359 0.523141807
60.599999998 4.612332103 4.490358773 -0.336561260 0.675441206 0.319794603 -0.633800830 -0.199517163
60.649999999 -10.210885552 2.865019881 1.520314871 0.598186744 0.491973924 0.553109428 0.306927089
60.749999999 -1.130020463 9.055578126 1.334954308 0.603648583 0.613170304 -0.475303381 0.183622610
60.799999999 2.920662005 1.648741244 0.565759768 0.774532009 0.221782734 -0.457704278 -0.376057681
60.849999998 2.966070736 1.642928374 0.763248655 0.788789034 0.190520700 -0.447927488 -0.375332769
60.899999999 2.382325918 -2.082649738 1.499861993 0.798179669 0.381875087 -0.027157684 -0.465126965
60.949999998 16.265652441 8.543059524 1.959843825 0.565373237 -0.458449184 -0.214746865 0.651199841
60.999999999 2.845854635 1.874219581 0.698429751 0.783193507 0.173277573 -0.384228632 -0.457111771
61.049999999 -3.480967570 10.300892515 -0.025471164 0.732634938 0.008857246 0.300543126 0.610607423
61.099999998 2.503266050 2.465059015 0.928644887 0.796421141 0.234094053 -0.251236585 -0.497788628
61.149999999 3.148218578 1.761401129 0.413896851 -0.759686016 -0.131596415 0.284914687 0.569546453
61.199999998 3.113584990 1.612870182 0.741747925 -0.781113621 -0.060606501 0.256236978 0.566154550
61.249999999 3.135479874 1.652972745 0.771336194 -0.770385646 -0.060252971 0.204895390 0.600744052
61.299999999 3.145831309 1.632070361 0.771075511 -0.759077593 -0.050772801 0.175537969 0.624827778
61.349999998 3.212878414 1.644080983 0.769406036 -0.748478683 -0.034015847 0.148959944 0.645316603
61.399999999 3.264421913 1.646782289 0.676897508 -0.728809756 -0.022473788 0.127445564 0.672375562
61.449999998 3.425135368 1.689913194 -0.755342469 -0.621212456 -0.035426232 0.104302924 0.775861435
61.499999999 3.072100833 1.714401220 0.606225742 -0.696715402 0.000289441 0.049703691 0.715623580
61.549999999 3.323124414 1.572674039 0.525486002 -0.679134838 0.006795830 0.041588703 0.732802885
61.599999998 3.232572448 1.462550425 0.286915344 -0.653176825 0.014910939 0.014634203 0.756917129
61.649999999 4.919802203 11.662872819 1.044821723 0.667276380 -0.397272571 0.178658224 0.604150624
61.699999998 3.400592967 1.591258091 0.439590557 -0.645177680 -0.013246510 0.006100583 0.763893365
61.749999999 2.079215710 1.550960905 0.870228561 -0.669417696 0.032462644 -0.080637534 0.737782972
61.799999999 3.416862137 1.637085145 0.487480333 -0.639455451 -0.074826208 0.025082558 0.764767043
61.849999998 3.384032056 1.627166217 0.438197859 -0.636066894 -0.119027948 0.056103211 0.760331298
61.899999999 3.293423124 1.691112357 0.753217352 -0.656748913 -0.161737659 0.104163319 0.729158280
61.949999998 3.410333916 1.653255559 0.972775997 -0.661131856 -0.226599593 0.159130823 0.697305295
61.999999999 3.312412841 1.804938587 0.919089048 -0.642009063 -0.298215618 0.212536253 0.673587521
62.049999999 3.278961244 1.736776005 0.850219966 -0.621440538 -0.351495400 0.262589399 0.649083545
62.099999998 3.225468104 1.753781080 0.904614831 -0.603035703 -0.407758817 0.299514145 0.616743030
62.149999999 3.182262497 1.765597473 0.951647762 -0.584384053 -0.449276913 0.334289596 0.587278469
62.199999998 3.139519995 1.715157692 0.754042921 -0.553842271 -0.489193085 0.354681624 0.572843617
62.249999999 3.219742227 1.810088821 0.972975784 -0.528159779 -0.541126843 0.373379277 0.537416879
62.299999999 3.098688338 1.697479942 0.810768920 -0.511802554 -0.556748796 0.394476452 0.521993537
62.349999998 3.047157395 1.648634498 0.750544141 -0.500731501 -0.572853463 0.403962975 0.507859025
62.399999999 3.050382996 1.611028519 0.673190386 -0.478929881 -0.588506245 0.410725143 0.505560506
62.449999998 3.004487326 1.630495158 0.673126699 0.481786636 0.593845334 -0.422937627 -0.486161620
62.499999999 3.042280462 1.571587262 0.825822658 0.478870559 0.616491544 -0.406029543 -0.475143319
62.549999999 3.011279212 1.571484493 0.758532856 0.461916006 0.624634415 -0.414454018 -0.474018267
62.599999998 2.926508535 1.444274225 0.778741035 0.442909108 0.645197436 -0.396877984 -0.479624494
62.649999999 2.873838477 1.454820904 0.769859160 0.446765955 0.645437103 -0.401539168 -0.471781119
62.699999998 2.865299485 1.509865814 0.783384742 0.454341620 0.638976800 -0.410314742 -0.465751173
62.749999999 2.754581842 1.366630314 0.734654576 0.431947180 0.641804189 -0.398218826 -0.492880090
62.799999999 2.731045655 1.414544037 0.798143194 0.442620686 0.639793175 -0.397233428 -0.486782524
62.849999998 2.696116546 1.405963127 0.791027214 0.442888293 0.637059479 -0.393493482 -0.493120735
62.899999999 2.707682402 1.456797611 0.712499871 0.445588709 0.625832028 -0.401939023 -0.498226853
62.949999998 -8.795443568 0.011787659 -0.021740098 0.441631411 0.631854863 0.458387457 0.442269225
62.999999999 3.144292122 1.395361006 1.066812190 -0.452128228 -0.630337394 0.368103133 0.512596253
63.049999999 2.583206455 1.411468732 0.736406584 -0.439449944 -0.629624823 0.385280458 0.511874298
63.099999998 2.690322450 1.708729542 -0.309098497 -0.496648459 -0.479224703 0.543505880 0.477792162
63.149999999 2.500477712 1.423342363 0.691376140 -0.431297016 -0.627517476 0.382865533 0.523085735
63.199999998 2.622080671 1.304538103 1.141122313 -0.455663911 -0.640402867 0.353549874 0.507205141
63.249999999 2.387568965 1.404059510 0.721285635 -0.422938130 -0.634048971 0.380401628 0.523831884
63.299999999 2.424722189 1.432991278 0.791775017 -0.428905469 -0.637673071 0.385984239 0.510322760
63.349999998 2.313340668 1.448671775 0.913680516 0.440676350 0.645816634 -0.397987220 -0.479928539
63.399999999 -5.722139177 0.770195205 -2.999877523 0.462757427 0.307481785 0.761859416 0.332987605
63.449999998 3.439594445 0.837789788 0.601806975 -0.359620227 -0.659611362 0.382174654 0.538078691
63.499999999 2.230853262 1.366644405 0.660732105 0.381772399 0.681578189 -0.469851532 -0.411023777
63.549999999 2.168766150 1.285195636 0.685558823 0.368723560 0.699703524 -0.469046115 -0.393005924
63.599999998 2.119089659 1.255478165 0.705893839 0.377395256 0.700801706 -0.480161117 -0.368639514
63.649999999 2.105867988 1.296692064 0.789922055 0.407029199 0.688600794 -0.499585708 -0.332521125
63.699999998 2.039731056 1.244654646 0.673325337 0.408134799 0.682848131 -0.504656043 -0.335360544
63.749999999 2.188518903 1.264251856 0.823837016 0.425194369 0.679702246 -0.497212637 -0.331653732
63.799999999 1.977177298 1.245443043 0.716316824 0.425140984 0.678644862 -0.504713209 -0.322429637
63.849999998 2.001430448 1.076213233 0.643167957 0.425128328 0.672796639 -0.485890655 -0.361276707
63.899999999 1.860177716 1.167842552 0.664424391 0.427026731 0.678566996 -0.482864969 -0.352188053
63.949999998 1.835146278 1.180700977 0.694539521 0.439918137 0.674826582 -0.469880554 -0.360961747
63.999999999 1.791858073 1.145992078 0.673565174 0.442713225 0.665944935 -0.452255148 -0.394952687
64.049999998 1.739807896 1.179400920 0.658216435 0.458349790 0.644668268 -0.441833815 -0.423203466
64.099999999 1.651621915 1.179965052 0.592869655 0.463645238 0.613762358 -0.430704677 -0.472040616
64.149999999 1.664586188 1.162420913 0.665538862 -0.477175496 -0.583070635 0.404300781 0.518529709
64.199999998 1.982705519 2.857981716 1.473813682 0.452783308 0.633987838 -0.480244475 -0.403003649
64.249999998 -6.680780658 -1.292109876 0.970377693 0.355403754 0.803265315 0.425374105 0.217967605
64.299999998 23.475863112 -1.130949110 1.482184788 0.289098928 -0.607401634 -0.047165667 0.738417541
64.349999999 -3.484850692 -22.031265883 -4.327868952 0.189925636 0.584772612 0.683369069 -0.393669862
64.399999999 -6.925346591 2.285771799 -0.808238033 -0.175355981 0.639398066 -0.562358455 0.494139011
64.449999998 -6.468816711 -0.329423187 0.703420154 0.496255201 0.667694219 0.486955367 0.266063292
64.499999998 -5.685337181 0.541878246 0.670484195 0.498004292 0.683566760 0.430151470 0.315749780
64.549999998 -5.528784619 0.654886224 0.628386225 0.492156279 0.689678411 0.423816418 0.320164848
64.599999999 -4.512200021 1.618217620 -0.993274149 0.581052330 0.236738119 0.747383177 0.218521486
64.649999999 -5.342046442 0.731936613 0.457230237 0.498180553 0.677603682 0.437877498 0.317699047
64.699999998 30.555477744 6.802293518 1.686183375 0.375487996 -0.566882524 0.032005566 0.732549392
64.749999998 -12.740136643 1.721127660 -6.317570190 0.104870008 0.683657590 -0.167461368 0.702546277
64.799999998 12.438761070 -0.207512612 0.387060187 0.081349476 -0.615131262 0.072062573 0.780898700
64.849999999 -7.301131561 -2.886242394 -0.000939223 0.423505568 0.653189976 0.614506996 0.127933738
64.899999999 -10.041598126 1.015804723 -3.279237786 0.029469976 0.709335183 -0.289848968 0.641843201
64.949999998 -11.455687240 -2.024975325 0.040656031 0.495845032 0.593401515 0.566767962 0.284229526
64.999999998 -13.915282624 0.180310005 -3.382735068 -0.137748603 0.615754173 -0.495697600 0.596788078
65.049999998 -11.750278141 -2.114869036 -2.352724997 -0.138824925 0.679622799 -0.343965244 0.632873133
65.099999999 -11.314155434 -2.352063296 0.202879103 0.491519261 0.605554367 0.569892764 0.258717921
65.149999999 27.360640283 -11.309535817 4.243491652 -0.755301323 -0.034146200 0.369937637 0.539907486
65.199999998 -6.934788859 1.000605138 0.426656847 0.528577963 0.626346670 0.435205603 0.372681190
65.249999998 -6.948463865 0.929353147 0.266178554 0.514805100 0.625250098 0.445709283 0.381288945
65.299999998 16.040969889 -29.946968019 11.045262330 -0.368651363 -0.574221639 -0.300929216 0.666188628
65.349999999 -5.945171956 1.930917085 -2.826893835 0.488051965 0.111007517 0.861872383 0.081600286
65.399999999 -9.790118526 -0.973925052 -0.108215167 0.510420807 0.582983882 0.565758949 0.281987953
